,X,Y
0,-118.2,1071.25
1,118.2,1071.25
2,-162.95,1071.25
3,162.95,1071.25
4,-207.7,1071.25
5,207.7,1071.25
6,-252.45,1071.25
7,252.45,1071.25
8,-297.2,1071.25
9,297.2,1071.25
10,-341.95,1071.25
11,341.95,1071.25
12,-386.7,1071.25
13,386.7,1071.25
14,-28.700000000000003,985.55
15,28.700000000000003,985.55
16,-73.45,985.55
17,73.45,985.55
18,-118.2,985.55
19,118.2,985.55
20,-162.95,985.55
21,162.95,985.55
22,-207.7,985.55
23,207.7,985.55
24,-252.45,985.55
25,252.45,985.55
26,-297.2,985.55
27,297.2,985.55
28,-341.95,985.55
29,341.95,985.55
30,-386.7,985.55
31,386.7,985.55
32,-431.45,985.55
33,431.45,985.55
34,-476.2,985.55
35,476.2,985.55
36,-520.95,985.55
37,520.95,985.55
38,-565.7,985.55
39,565.7,985.55
40,-28.700000000000003,899.8499999999999
41,28.700000000000003,899.8499999999999
42,-73.45,899.8499999999999
43,73.45,899.8499999999999
44,-118.2,899.8499999999999
45,118.2,899.8499999999999
46,-162.95,899.8499999999999
47,162.95,899.8499999999999
48,-207.7,899.8499999999999
49,207.7,899.8499999999999
50,-252.45,899.8499999999999
51,252.45,899.8499999999999
52,-297.2,899.8499999999999
53,297.2,899.8499999999999
54,-341.95,899.8499999999999
55,341.95,899.8499999999999
56,-386.7,899.8499999999999
57,386.7,899.8499999999999
58,-431.45,899.8499999999999
59,431.45,899.8499999999999
60,-476.2,899.8499999999999
61,476.2,899.8499999999999
62,-520.95,899.8499999999999
63,520.95,899.8499999999999
64,-565.7,899.8499999999999
65,565.7,899.8499999999999
66,-610.45,899.8499999999999
67,610.45,899.8499999999999
68,-655.2,899.8499999999999
69,655.2,899.8499999999999
70,-699.95,899.8499999999999
71,699.95,899.8499999999999
72,-28.700000000000003,814.1499999999999
73,28.700000000000003,814.1499999999999
74,-73.45,814.1499999999999
75,73.45,814.1499999999999
76,-118.2,814.1499999999999
77,118.2,814.1499999999999
78,-162.95,814.1499999999999
79,162.95,814.1499999999999
80,-207.7,814.1499999999999
81,207.7,814.1499999999999
82,-252.45,814.1499999999999
83,252.45,814.1499999999999
84,-297.2,814.1499999999999
85,297.2,814.1499999999999
86,-341.95,814.1499999999999
87,341.95,814.1499999999999
88,-386.7,814.1499999999999
89,386.7,814.1499999999999
90,-431.45,814.1499999999999
91,431.45,814.1499999999999
92,-476.2,814.1499999999999
93,476.2,814.1499999999999
94,-520.95,814.1499999999999
95,520.95,814.1499999999999
96,-565.7,814.1499999999999
97,565.7,814.1499999999999
98,-610.45,814.1499999999999
99,610.45,814.1499999999999
100,-655.2,814.1499999999999
101,655.2,814.1499999999999
102,-699.95,814.1499999999999
103,699.95,814.1499999999999
104,-744.7,814.1499999999999
105,744.7,814.1499999999999
106,-789.45,814.1499999999999
107,789.45,814.1499999999999
108,-28.700000000000003,728.4499999999998
109,28.700000000000003,728.4499999999998
110,-73.45,728.4499999999998
111,73.45,728.4499999999998
112,-118.2,728.4499999999998
113,118.2,728.4499999999998
114,-162.95,728.4499999999998
115,162.95,728.4499999999998
116,-207.7,728.4499999999998
117,207.7,728.4499999999998
118,-252.45,728.4499999999998
119,252.45,728.4499999999998
120,-297.2,728.4499999999998
121,297.2,728.4499999999998
122,-341.95,728.4499999999998
123,341.95,728.4499999999998
124,-386.7,728.4499999999998
125,386.7,728.4499999999998
126,-431.45,728.4499999999998
127,431.45,728.4499999999998
128,-476.2,728.4499999999998
129,476.2,728.4499999999998
130,-520.95,728.4499999999998
131,520.95,728.4499999999998
132,-565.7,728.4499999999998
133,565.7,728.4499999999998
134,-610.45,728.4499999999998
135,610.45,728.4499999999998
136,-655.2,728.4499999999998
137,655.2,728.4499999999998
138,-699.95,728.4499999999998
139,699.95,728.4499999999998
140,-744.7,728.4499999999998
141,744.7,728.4499999999998
142,-789.45,728.4499999999998
143,789.45,728.4499999999998
144,-834.2,728.4499999999998
145,834.2,728.4499999999998
146,-878.95,728.4499999999998
147,878.95,728.4499999999998
148,-28.700000000000003,642.7499999999998
149,28.700000000000003,642.7499999999998
150,-73.45,642.7499999999998
151,73.45,642.7499999999998
152,-118.2,642.7499999999998
153,118.2,642.7499999999998
154,-162.95,642.7499999999998
155,162.95,642.7499999999998
156,-207.7,642.7499999999998
157,207.7,642.7499999999998
158,-252.45,642.7499999999998
159,252.45,642.7499999999998
160,-297.2,642.7499999999998
161,297.2,642.7499999999998
162,-341.95,642.7499999999998
163,341.95,642.7499999999998
164,-386.7,642.7499999999998
165,386.7,642.7499999999998
166,-431.45,642.7499999999998
167,431.45,642.7499999999998
168,-476.2,642.7499999999998
169,476.2,642.7499999999998
170,-520.95,642.7499999999998
171,520.95,642.7499999999998
172,-565.7,642.7499999999998
173,565.7,642.7499999999998
174,-610.45,642.7499999999998
175,610.45,642.7499999999998
176,-655.2,642.7499999999998
177,655.2,642.7499999999998
178,-699.95,642.7499999999998
179,699.95,642.7499999999998
180,-744.7,642.7499999999998
181,744.7,642.7499999999998
182,-789.45,642.7499999999998
183,789.45,642.7499999999998
184,-834.2,642.7499999999998
185,834.2,642.7499999999998
186,-878.95,642.7499999999998
187,878.95,642.7499999999998
188,-923.7,642.7499999999998
189,923.7,642.7499999999998
190,-28.700000000000003,557.0499999999997
191,28.700000000000003,557.0499999999997
192,-73.45,557.0499999999997
193,73.45,557.0499999999997
194,-118.2,557.0499999999997
195,118.2,557.0499999999997
196,-162.95,557.0499999999997
197,162.95,557.0499999999997
198,-207.7,557.0499999999997
199,207.7,557.0499999999997
200,-252.45,557.0499999999997
201,252.45,557.0499999999997
202,-297.2,557.0499999999997
203,297.2,557.0499999999997
204,-341.95,557.0499999999997
205,341.95,557.0499999999997
206,-386.7,557.0499999999997
207,386.7,557.0499999999997
208,-431.45,557.0499999999997
209,431.45,557.0499999999997
210,-476.2,557.0499999999997
211,476.2,557.0499999999997
212,-520.95,557.0499999999997
213,520.95,557.0499999999997
214,-565.7,557.0499999999997
215,565.7,557.0499999999997
216,-610.45,557.0499999999997
217,610.45,557.0499999999997
218,-655.2,557.0499999999997
219,655.2,557.0499999999997
220,-699.95,557.0499999999997
221,699.95,557.0499999999997
222,-744.7,557.0499999999997
223,744.7,557.0499999999997
224,-789.45,557.0499999999997
225,789.45,557.0499999999997
226,-834.2,557.0499999999997
227,834.2,557.0499999999997
228,-878.95,557.0499999999997
229,878.95,557.0499999999997
230,-923.7,557.0499999999997
231,923.7,557.0499999999997
232,-968.45,557.0499999999997
233,968.45,557.0499999999997
234,-28.700000000000003,471.34999999999974
235,28.700000000000003,471.34999999999974
236,-73.45,471.34999999999974
237,73.45,471.34999999999974
238,-118.2,471.34999999999974
239,118.2,471.34999999999974
240,-162.95,471.34999999999974
241,162.95,471.34999999999974
242,-207.7,471.34999999999974
243,207.7,471.34999999999974
244,-252.45,471.34999999999974
245,252.45,471.34999999999974
246,-297.2,471.34999999999974
247,297.2,471.34999999999974
248,-341.95,471.34999999999974
249,341.95,471.34999999999974
250,-386.7,471.34999999999974
251,386.7,471.34999999999974
252,-431.45,471.34999999999974
253,431.45,471.34999999999974
254,-476.2,471.34999999999974
255,476.2,471.34999999999974
256,-520.95,471.34999999999974
257,520.95,471.34999999999974
258,-565.7,471.34999999999974
259,565.7,471.34999999999974
260,-610.45,471.34999999999974
261,610.45,471.34999999999974
262,-655.2,471.34999999999974
263,655.2,471.34999999999974
264,-699.95,471.34999999999974
265,699.95,471.34999999999974
266,-744.7,471.34999999999974
267,744.7,471.34999999999974
268,-789.45,471.34999999999974
269,789.45,471.34999999999974
270,-834.2,471.34999999999974
271,834.2,471.34999999999974
272,-878.95,471.34999999999974
273,878.95,471.34999999999974
274,-923.7,471.34999999999974
275,923.7,471.34999999999974
276,-297.2,385.64999999999975
277,297.2,385.64999999999975
278,-341.95,385.64999999999975
279,341.95,385.64999999999975
280,-386.7,385.64999999999975
281,386.7,385.64999999999975
282,-431.45,385.64999999999975
283,431.45,385.64999999999975
284,-476.2,385.64999999999975
285,476.2,385.64999999999975
286,-520.95,385.64999999999975
287,520.95,385.64999999999975
288,-565.7,385.64999999999975
289,565.7,385.64999999999975
290,-610.45,385.64999999999975
291,610.45,385.64999999999975
292,-655.2,385.64999999999975
293,655.2,385.64999999999975
294,-699.95,385.64999999999975
295,699.95,385.64999999999975
296,-744.7,385.64999999999975
297,744.7,385.64999999999975
298,-789.45,385.64999999999975
299,789.45,385.64999999999975
300,-834.2,385.64999999999975
301,834.2,385.64999999999975
302,-878.95,385.64999999999975
303,878.95,385.64999999999975
304,-923.7,385.64999999999975
305,923.7,385.64999999999975
306,-297.2,299.94999999999976
307,297.2,299.94999999999976
308,-341.95,299.94999999999976
309,341.95,299.94999999999976
310,-386.7,299.94999999999976
311,386.7,299.94999999999976
312,-431.45,299.94999999999976
313,431.45,299.94999999999976
314,-476.2,299.94999999999976
315,476.2,299.94999999999976
316,-520.95,299.94999999999976
317,520.95,299.94999999999976
318,-565.7,299.94999999999976
319,565.7,299.94999999999976
320,-610.45,299.94999999999976
321,610.45,299.94999999999976
322,-655.2,299.94999999999976
323,655.2,299.94999999999976
324,-699.95,299.94999999999976
325,699.95,299.94999999999976
326,-744.7,299.94999999999976
327,744.7,299.94999999999976
328,-789.45,299.94999999999976
329,789.45,299.94999999999976
330,-834.2,299.94999999999976
331,834.2,299.94999999999976
332,-878.95,299.94999999999976
333,878.95,299.94999999999976
334,-923.7,299.94999999999976
335,923.7,299.94999999999976
336,-968.45,299.94999999999976
337,968.45,299.94999999999976
338,-1013.2,299.94999999999976
339,1013.2,299.94999999999976
340,-1057.95,299.94999999999976
341,1057.95,299.94999999999976
342,-1102.7,299.94999999999976
343,1102.7,299.94999999999976
344,-341.95,214.24999999999977
345,341.95,214.24999999999977
346,-386.7,214.24999999999977
347,386.7,214.24999999999977
348,-431.45,214.24999999999977
349,431.45,214.24999999999977
350,-476.2,214.24999999999977
351,476.2,214.24999999999977
352,-520.95,214.24999999999977
353,520.95,214.24999999999977
354,-565.7,214.24999999999977
355,565.7,214.24999999999977
356,-610.45,214.24999999999977
357,610.45,214.24999999999977
358,-655.2,214.24999999999977
359,655.2,214.24999999999977
360,-699.95,214.24999999999977
361,699.95,214.24999999999977
362,-744.7,214.24999999999977
363,744.7,214.24999999999977
364,-789.45,214.24999999999977
365,789.45,214.24999999999977
366,-834.2,214.24999999999977
367,834.2,214.24999999999977
368,-878.95,214.24999999999977
369,878.95,214.24999999999977
370,-923.7,214.24999999999977
371,923.7,214.24999999999977
372,-968.45,214.24999999999977
373,968.45,214.24999999999977
374,-1013.2,214.24999999999977
375,1013.2,214.24999999999977
376,-1057.95,214.24999999999977
377,1057.95,214.24999999999977
378,-1102.7,214.24999999999977
379,1102.7,214.24999999999977
380,-386.7,128.54999999999978
381,386.7,128.54999999999978
382,-431.45,128.54999999999978
383,431.45,128.54999999999978
384,-476.2,128.54999999999978
385,476.2,128.54999999999978
386,-520.95,128.54999999999978
387,520.95,128.54999999999978
388,-565.7,128.54999999999978
389,565.7,128.54999999999978
390,-610.45,128.54999999999978
391,610.45,128.54999999999978
392,-655.2,128.54999999999978
393,655.2,128.54999999999978
394,-699.95,128.54999999999978
395,699.95,128.54999999999978
396,-744.7,128.54999999999978
397,744.7,128.54999999999978
398,-789.45,128.54999999999978
399,789.45,128.54999999999978
400,-834.2,128.54999999999978
401,834.2,128.54999999999978
402,-878.95,128.54999999999978
403,878.95,128.54999999999978
404,-923.7,128.54999999999978
405,923.7,128.54999999999978
406,-968.45,128.54999999999978
407,968.45,128.54999999999978
408,-1013.2,128.54999999999978
409,1013.2,128.54999999999978
410,-1057.95,128.54999999999978
411,1057.95,128.54999999999978
412,-1102.7,128.54999999999978
413,1102.7,128.54999999999978
414,-476.2,42.84999999999978
415,476.2,42.84999999999978
416,-520.95,42.84999999999978
417,520.95,42.84999999999978
418,-565.7,42.84999999999978
419,565.7,42.84999999999978
420,-610.45,42.84999999999978
421,610.45,42.84999999999978
422,-655.2,42.84999999999978
423,655.2,42.84999999999978
424,-699.95,42.84999999999978
425,699.95,42.84999999999978
426,-744.7,42.84999999999978
427,744.7,42.84999999999978
428,-789.45,42.84999999999978
429,789.45,42.84999999999978
430,-834.2,42.84999999999978
431,834.2,42.84999999999978
432,-878.95,42.84999999999978
433,878.95,42.84999999999978
434,-923.7,42.84999999999978
435,923.7,42.84999999999978
436,-968.45,42.84999999999978
437,968.45,42.84999999999978
438,-1013.2,42.84999999999978
439,1013.2,42.84999999999978
440,-1057.95,42.84999999999978
441,1057.95,42.84999999999978
442,-1102.7,42.84999999999978
443,1102.7,42.84999999999978
444,-476.2,-42.85000000000022
445,476.2,-42.85000000000022
446,-520.95,-42.85000000000022
447,520.95,-42.85000000000022
448,-565.7,-42.85000000000022
449,565.7,-42.85000000000022
450,-610.45,-42.85000000000022
451,610.45,-42.85000000000022
452,-655.2,-42.85000000000022
453,655.2,-42.85000000000022
454,-699.95,-42.85000000000022
455,699.95,-42.85000000000022
456,-744.7,-42.85000000000022
457,744.7,-42.85000000000022
458,-789.45,-42.85000000000022
459,789.45,-42.85000000000022
460,-834.2,-42.85000000000022
461,834.2,-42.85000000000022
462,-878.95,-42.85000000000022
463,878.95,-42.85000000000022
464,-923.7,-42.85000000000022
465,923.7,-42.85000000000022
466,-968.45,-42.85000000000022
467,968.45,-42.85000000000022
468,-1013.2,-42.85000000000022
469,1013.2,-42.85000000000022
470,-1057.95,-42.85000000000022
471,1057.95,-42.85000000000022
472,-1102.7,-42.85000000000022
473,1102.7,-42.85000000000022
474,-386.7,-128.55000000000024
475,386.7,-128.55000000000024
476,-431.45,-128.55000000000024
477,431.45,-128.55000000000024
478,-476.2,-128.55000000000024
479,476.2,-128.55000000000024
480,-520.95,-128.55000000000024
481,520.95,-128.55000000000024
482,-565.7,-128.55000000000024
483,565.7,-128.55000000000024
484,-610.45,-128.55000000000024
485,610.45,-128.55000000000024
486,-655.2,-128.55000000000024
487,655.2,-128.55000000000024
488,-699.95,-128.55000000000024
489,699.95,-128.55000000000024
490,-744.7,-128.55000000000024
491,744.7,-128.55000000000024
492,-789.45,-128.55000000000024
493,789.45,-128.55000000000024
494,-834.2,-128.55000000000024
495,834.2,-128.55000000000024
496,-878.95,-128.55000000000024
497,878.95,-128.55000000000024
498,-923.7,-128.55000000000024
499,923.7,-128.55000000000024
500,-968.45,-128.55000000000024
501,968.45,-128.55000000000024
502,-1013.2,-128.55000000000024
503,1013.2,-128.55000000000024
504,-1057.95,-128.55000000000024
505,1057.95,-128.55000000000024
506,-1102.7,-128.55000000000024
507,1102.7,-128.55000000000024
508,-341.95,-214.25000000000023
509,341.95,-214.25000000000023
510,-386.7,-214.25000000000023
511,386.7,-214.25000000000023
512,-431.45,-214.25000000000023
513,431.45,-214.25000000000023
514,-476.2,-214.25000000000023
515,476.2,-214.25000000000023
516,-520.95,-214.25000000000023
517,520.95,-214.25000000000023
518,-565.7,-214.25000000000023
519,565.7,-214.25000000000023
520,-610.45,-214.25000000000023
521,610.45,-214.25000000000023
522,-655.2,-214.25000000000023
523,655.2,-214.25000000000023
524,-699.95,-214.25000000000023
525,699.95,-214.25000000000023
526,-744.7,-214.25000000000023
527,744.7,-214.25000000000023
528,-789.45,-214.25000000000023
529,789.45,-214.25000000000023
530,-834.2,-214.25000000000023
531,834.2,-214.25000000000023
532,-878.95,-214.25000000000023
533,878.95,-214.25000000000023
534,-923.7,-214.25000000000023
535,923.7,-214.25000000000023
536,-968.45,-214.25000000000023
537,968.45,-214.25000000000023
538,-1013.2,-214.25000000000023
539,1013.2,-214.25000000000023
540,-1057.95,-214.25000000000023
541,1057.95,-214.25000000000023
542,-1102.7,-214.25000000000023
543,1102.7,-214.25000000000023
544,-297.2,-299.9500000000002
545,297.2,-299.9500000000002
546,-341.95,-299.9500000000002
547,341.95,-299.9500000000002
548,-386.7,-299.9500000000002
549,386.7,-299.9500000000002
550,-431.45,-299.9500000000002
551,431.45,-299.9500000000002
552,-476.2,-299.9500000000002
553,476.2,-299.9500000000002
554,-520.95,-299.9500000000002
555,520.95,-299.9500000000002
556,-565.7,-299.9500000000002
557,565.7,-299.9500000000002
558,-610.45,-299.9500000000002
559,610.45,-299.9500000000002
560,-655.2,-299.9500000000002
561,655.2,-299.9500000000002
562,-699.95,-299.9500000000002
563,699.95,-299.9500000000002
564,-744.7,-299.9500000000002
565,744.7,-299.9500000000002
566,-789.45,-299.9500000000002
567,789.45,-299.9500000000002
568,-834.2,-299.9500000000002
569,834.2,-299.9500000000002
570,-878.95,-299.9500000000002
571,878.95,-299.9500000000002
572,-923.7,-299.9500000000002
573,923.7,-299.9500000000002
574,-968.45,-299.9500000000002
575,968.45,-299.9500000000002
576,-1013.2,-299.9500000000002
577,1013.2,-299.9500000000002
578,-1057.95,-299.9500000000002
579,1057.95,-299.9500000000002
580,-1102.7,-299.9500000000002
581,1102.7,-299.9500000000002
582,-28.700000000000003,-385.6500000000002
583,28.700000000000003,-385.6500000000002
584,-73.45,-385.6500000000002
585,73.45,-385.6500000000002
586,-118.2,-385.6500000000002
587,118.2,-385.6500000000002
588,-252.45,-385.6500000000002
589,252.45,-385.6500000000002
590,-297.2,-385.6500000000002
591,297.2,-385.6500000000002
592,-341.95,-385.6500000000002
593,341.95,-385.6500000000002
594,-386.7,-385.6500000000002
595,386.7,-385.6500000000002
596,-431.45,-385.6500000000002
597,431.45,-385.6500000000002
598,-476.2,-385.6500000000002
599,476.2,-385.6500000000002
600,-520.95,-385.6500000000002
601,520.95,-385.6500000000002
602,-565.7,-385.6500000000002
603,565.7,-385.6500000000002
604,-610.45,-385.6500000000002
605,610.45,-385.6500000000002
606,-655.2,-385.6500000000002
607,655.2,-385.6500000000002
608,-699.95,-385.6500000000002
609,699.95,-385.6500000000002
610,-744.7,-385.6500000000002
611,744.7,-385.6500000000002
612,-789.45,-385.6500000000002
613,789.45,-385.6500000000002
614,-834.2,-385.6500000000002
615,834.2,-385.6500000000002
616,-878.95,-385.6500000000002
617,878.95,-385.6500000000002
618,-923.7,-385.6500000000002
619,923.7,-385.6500000000002
620,-28.700000000000003,-471.3500000000002
621,28.700000000000003,-471.3500000000002
622,-73.45,-471.3500000000002
623,73.45,-471.3500000000002
624,-118.2,-471.3500000000002
625,118.2,-471.3500000000002
626,-162.95,-471.3500000000002
627,162.95,-471.3500000000002
628,-207.7,-471.3500000000002
629,207.7,-471.3500000000002
630,-252.45,-471.3500000000002
631,252.45,-471.3500000000002
632,-297.2,-471.3500000000002
633,297.2,-471.3500000000002
634,-341.95,-471.3500000000002
635,341.95,-471.3500000000002
636,-386.7,-471.3500000000002
637,386.7,-471.3500000000002
638,-431.45,-471.3500000000002
639,431.45,-471.3500000000002
640,-476.2,-471.3500000000002
641,476.2,-471.3500000000002
642,-520.95,-471.3500000000002
643,520.95,-471.3500000000002
644,-565.7,-471.3500000000002
645,565.7,-471.3500000000002
646,-610.45,-471.3500000000002
647,610.45,-471.3500000000002
648,-655.2,-471.3500000000002
649,655.2,-471.3500000000002
650,-699.95,-471.3500000000002
651,699.95,-471.3500000000002
652,-744.7,-471.3500000000002
653,744.7,-471.3500000000002
654,-789.45,-471.3500000000002
655,789.45,-471.3500000000002
656,-834.2,-471.3500000000002
657,834.2,-471.3500000000002
658,-878.95,-471.3500000000002
659,878.95,-471.3500000000002
660,-923.7,-471.3500000000002
661,923.7,-471.3500000000002
662,-968.45,-471.3500000000002
663,968.45,-471.3500000000002
664,-28.700000000000003,-557.0500000000002
665,28.700000000000003,-557.0500000000002
666,-73.45,-557.0500000000002
667,73.45,-557.0500000000002
668,-118.2,-557.0500000000002
669,118.2,-557.0500000000002
670,-162.95,-557.0500000000002
671,162.95,-557.0500000000002
672,-207.7,-557.0500000000002
673,207.7,-557.0500000000002
674,-252.45,-557.0500000000002
675,252.45,-557.0500000000002
676,-297.2,-557.0500000000002
677,297.2,-557.0500000000002
678,-341.95,-557.0500000000002
679,341.95,-557.0500000000002
680,-386.7,-557.0500000000002
681,386.7,-557.0500000000002
682,-431.45,-557.0500000000002
683,431.45,-557.0500000000002
684,-476.2,-557.0500000000002
685,476.2,-557.0500000000002
686,-520.95,-557.0500000000002
687,520.95,-557.0500000000002
688,-565.7,-557.0500000000002
689,565.7,-557.0500000000002
690,-610.45,-557.0500000000002
691,610.45,-557.0500000000002
692,-655.2,-557.0500000000002
693,655.2,-557.0500000000002
694,-699.95,-557.0500000000002
695,699.95,-557.0500000000002
696,-744.7,-557.0500000000002
697,744.7,-557.0500000000002
698,-789.45,-557.0500000000002
699,789.45,-557.0500000000002
700,-834.2,-557.0500000000002
701,834.2,-557.0500000000002
702,-878.95,-557.0500000000002
703,878.95,-557.0500000000002
704,-923.7,-557.0500000000002
705,923.7,-557.0500000000002
706,-968.45,-557.0500000000002
707,968.45,-557.0500000000002
708,-28.700000000000003,-642.7500000000002
709,28.700000000000003,-642.7500000000002
710,-73.45,-642.7500000000002
711,73.45,-642.7500000000002
712,-118.2,-642.7500000000002
713,118.2,-642.7500000000002
714,-162.95,-642.7500000000002
715,162.95,-642.7500000000002
716,-207.7,-642.7500000000002
717,207.7,-642.7500000000002
718,-252.45,-642.7500000000002
719,252.45,-642.7500000000002
720,-297.2,-642.7500000000002
721,297.2,-642.7500000000002
722,-341.95,-642.7500000000002
723,341.95,-642.7500000000002
724,-386.7,-642.7500000000002
725,386.7,-642.7500000000002
726,-431.45,-642.7500000000002
727,431.45,-642.7500000000002
728,-476.2,-642.7500000000002
729,476.2,-642.7500000000002
730,-520.95,-642.7500000000002
731,520.95,-642.7500000000002
732,-565.7,-642.7500000000002
733,565.7,-642.7500000000002
734,-610.45,-642.7500000000002
735,610.45,-642.7500000000002
736,-655.2,-642.7500000000002
737,655.2,-642.7500000000002
738,-699.95,-642.7500000000002
739,699.95,-642.7500000000002
740,-744.7,-642.7500000000002
741,744.7,-642.7500000000002
742,-789.45,-642.7500000000002
743,789.45,-642.7500000000002
744,-834.2,-642.7500000000002
745,834.2,-642.7500000000002
746,-878.95,-642.7500000000002
747,878.95,-642.7500000000002
748,-923.7,-642.7500000000002
749,923.7,-642.7500000000002
750,-28.700000000000003,-728.4500000000003
751,28.700000000000003,-728.4500000000003
752,-73.45,-728.4500000000003
753,73.45,-728.4500000000003
754,-118.2,-728.4500000000003
755,118.2,-728.4500000000003
756,-162.95,-728.4500000000003
757,162.95,-728.4500000000003
758,-207.7,-728.4500000000003
759,207.7,-728.4500000000003
760,-252.45,-728.4500000000003
761,252.45,-728.4500000000003
762,-297.2,-728.4500000000003
763,297.2,-728.4500000000003
764,-341.95,-728.4500000000003
765,341.95,-728.4500000000003
766,-386.7,-728.4500000000003
767,386.7,-728.4500000000003
768,-431.45,-728.4500000000003
769,431.45,-728.4500000000003
770,-476.2,-728.4500000000003
771,476.2,-728.4500000000003
772,-520.95,-728.4500000000003
773,520.95,-728.4500000000003
774,-565.7,-728.4500000000003
775,565.7,-728.4500000000003
776,-610.45,-728.4500000000003
777,610.45,-728.4500000000003
778,-655.2,-728.4500000000003
779,655.2,-728.4500000000003
780,-699.95,-728.4500000000003
781,699.95,-728.4500000000003
782,-744.7,-728.4500000000003
783,744.7,-728.4500000000003
784,-789.45,-728.4500000000003
785,789.45,-728.4500000000003
786,-834.2,-728.4500000000003
787,834.2,-728.4500000000003
788,-878.95,-728.4500000000003
789,878.95,-728.4500000000003
790,-28.700000000000003,-814.1500000000003
791,28.700000000000003,-814.1500000000003
792,-73.45,-814.1500000000003
793,73.45,-814.1500000000003
794,-118.2,-814.1500000000003
795,118.2,-814.1500000000003
796,-162.95,-814.1500000000003
797,162.95,-814.1500000000003
798,-207.7,-814.1500000000003
799,207.7,-814.1500000000003
800,-252.45,-814.1500000000003
801,252.45,-814.1500000000003
802,-297.2,-814.1500000000003
803,297.2,-814.1500000000003
804,-341.95,-814.1500000000003
805,341.95,-814.1500000000003
806,-386.7,-814.1500000000003
807,386.7,-814.1500000000003
808,-431.45,-814.1500000000003
809,431.45,-814.1500000000003
810,-476.2,-814.1500000000003
811,476.2,-814.1500000000003
812,-520.95,-814.1500000000003
813,520.95,-814.1500000000003
814,-565.7,-814.1500000000003
815,565.7,-814.1500000000003
816,-610.45,-814.1500000000003
817,610.45,-814.1500000000003
818,-655.2,-814.1500000000003
819,655.2,-814.1500000000003
820,-699.95,-814.1500000000003
821,699.95,-814.1500000000003
822,-744.7,-814.1500000000003
823,744.7,-814.1500000000003
824,-789.45,-814.1500000000003
825,789.45,-814.1500000000003
826,-28.700000000000003,-899.8500000000004
827,28.700000000000003,-899.8500000000004
828,-73.45,-899.8500000000004
829,73.45,-899.8500000000004
830,-118.2,-899.8500000000004
831,118.2,-899.8500000000004
832,-162.95,-899.8500000000004
833,162.95,-899.8500000000004
834,-207.7,-899.8500000000004
835,207.7,-899.8500000000004
836,-252.45,-899.8500000000004
837,252.45,-899.8500000000004
838,-297.2,-899.8500000000004
839,297.2,-899.8500000000004
840,-341.95,-899.8500000000004
841,341.95,-899.8500000000004
842,-386.7,-899.8500000000004
843,386.7,-899.8500000000004
844,-431.45,-899.8500000000004
845,431.45,-899.8500000000004
846,-476.2,-899.8500000000004
847,476.2,-899.8500000000004
848,-520.95,-899.8500000000004
849,520.95,-899.8500000000004
850,-565.7,-899.8500000000004
851,565.7,-899.8500000000004
852,-610.45,-899.8500000000004
853,610.45,-899.8500000000004
854,-655.2,-899.8500000000004
855,655.2,-899.8500000000004
856,-699.95,-899.8500000000004
857,699.95,-899.8500000000004
858,-28.700000000000003,-985.5500000000004
859,28.700000000000003,-985.5500000000004
860,-73.45,-985.5500000000004
861,73.45,-985.5500000000004
862,-118.2,-985.5500000000004
863,118.2,-985.5500000000004
864,-162.95,-985.5500000000004
865,162.95,-985.5500000000004
866,-207.7,-985.5500000000004
867,207.7,-985.5500000000004
868,-252.45,-985.5500000000004
869,252.45,-985.5500000000004
870,-297.2,-985.5500000000004
871,297.2,-985.5500000000004
872,-341.95,-985.5500000000004
873,341.95,-985.5500000000004
874,-386.7,-985.5500000000004
875,386.7,-985.5500000000004
876,-431.45,-985.5500000000004
877,431.45,-985.5500000000004
878,-476.2,-985.5500000000004
879,476.2,-985.5500000000004
880,-520.95,-985.5500000000004
881,520.95,-985.5500000000004
882,-162.95,-1071.2500000000005
883,162.95,-1071.2500000000005
884,-207.7,-1071.2500000000005
885,207.7,-1071.2500000000005
886,-252.45,-1071.2500000000005
887,252.45,-1071.2500000000005
