,X,Y
0,339.40000000000003,1071.25
1,294.85,1071.25
2,250.30000000000004,1071.25
3,205.75000000000003,1071.25
4,161.20000000000002,1071.25
5,116.65,1071.25
6,-116.65,1071.25
7,-161.20000000000002,1071.25
8,-205.75000000000003,1071.25
9,-250.30000000000004,1071.25
10,-294.85,1071.25
11,-339.40000000000003,1071.25
12,517.6,985.55
13,473.05000000000007,985.55
14,428.50000000000006,985.55
15,383.95000000000005,985.55
16,339.40000000000003,985.55
17,294.85,985.55
18,250.30000000000004,985.55
19,205.75000000000003,985.55
20,161.20000000000002,985.55
21,116.65,985.55
22,72.10000000000001,985.55
23,27.550000000000004,985.55
24,-27.550000000000004,985.55
25,-72.10000000000001,985.55
26,-116.65,985.55
27,-161.20000000000002,985.55
28,-205.75000000000003,985.55
29,-250.30000000000004,985.55
30,-294.85,985.55
31,-339.40000000000003,985.55
32,-383.95000000000005,985.55
33,-428.50000000000006,985.55
34,-473.05000000000007,985.55
35,-517.6,985.55
36,651.2499999999999,899.8499999999999
37,606.6999999999999,899.8499999999999
38,562.15,899.8499999999999
39,517.6,899.8499999999999
40,473.05000000000007,899.8499999999999
41,428.50000000000006,899.8499999999999
42,383.95000000000005,899.8499999999999
43,339.40000000000003,899.8499999999999
44,294.85,899.8499999999999
45,250.30000000000004,899.8499999999999
46,205.75000000000003,899.8499999999999
47,161.20000000000002,899.8499999999999
48,116.65,899.8499999999999
49,72.10000000000001,899.8499999999999
50,27.550000000000004,899.8499999999999
51,-27.550000000000004,899.8499999999999
52,-72.10000000000001,899.8499999999999
53,-116.65,899.8499999999999
54,-161.20000000000002,899.8499999999999
55,-205.75000000000003,899.8499999999999
56,-250.30000000000004,899.8499999999999
57,-294.85,899.8499999999999
58,-339.40000000000003,899.8499999999999
59,-383.95000000000005,899.8499999999999
60,-428.50000000000006,899.8499999999999
61,-473.05000000000007,899.8499999999999
62,-517.6,899.8499999999999
63,-562.15,899.8499999999999
64,-606.6999999999999,899.8499999999999
65,-651.2499999999999,899.8499999999999
66,740.3499999999998,814.1499999999999
67,695.7999999999998,814.1499999999999
68,651.2499999999999,814.1499999999999
69,606.6999999999999,814.1499999999999
70,562.15,814.1499999999999
71,517.6,814.1499999999999
72,473.05000000000007,814.1499999999999
73,428.50000000000006,814.1499999999999
74,383.95000000000005,814.1499999999999
75,339.40000000000003,814.1499999999999
76,294.85,814.1499999999999
77,250.30000000000004,814.1499999999999
78,205.75000000000003,814.1499999999999
79,161.20000000000002,814.1499999999999
80,116.65,814.1499999999999
81,72.10000000000001,814.1499999999999
82,27.550000000000004,814.1499999999999
83,-27.550000000000004,814.1499999999999
84,-72.10000000000001,814.1499999999999
85,-116.65,814.1499999999999
86,-161.20000000000002,814.1499999999999
87,-205.75000000000003,814.1499999999999
88,-250.30000000000004,814.1499999999999
89,-294.85,814.1499999999999
90,-339.40000000000003,814.1499999999999
91,-383.95000000000005,814.1499999999999
92,-428.50000000000006,814.1499999999999
93,-473.05000000000007,814.1499999999999
94,-517.6,814.1499999999999
95,-562.15,814.1499999999999
96,-606.6999999999999,814.1499999999999
97,-651.2499999999999,814.1499999999999
98,-695.7999999999998,814.1499999999999
99,-740.3499999999998,814.1499999999999
100,829.4499999999997,728.4499999999998
101,784.8999999999997,728.4499999999998
102,740.3499999999998,728.4499999999998
103,695.7999999999998,728.4499999999998
104,651.2499999999999,728.4499999999998
105,606.6999999999999,728.4499999999998
106,562.15,728.4499999999998
107,517.6,728.4499999999998
108,473.05000000000007,728.4499999999998
109,428.50000000000006,728.4499999999998
110,383.95000000000005,728.4499999999998
111,339.40000000000003,728.4499999999998
112,294.85,728.4499999999998
113,250.30000000000004,728.4499999999998
114,205.75000000000003,728.4499999999998
115,161.20000000000002,728.4499999999998
116,116.65,728.4499999999998
117,72.10000000000001,728.4499999999998
118,27.550000000000004,728.4499999999998
119,-27.550000000000004,728.4499999999998
120,-72.10000000000001,728.4499999999998
121,-116.65,728.4499999999998
122,-161.20000000000002,728.4499999999998
123,-205.75000000000003,728.4499999999998
124,-250.30000000000004,728.4499999999998
125,-294.85,728.4499999999998
126,-339.40000000000003,728.4499999999998
127,-383.95000000000005,728.4499999999998
128,-428.50000000000006,728.4499999999998
129,-473.05000000000007,728.4499999999998
130,-517.6,728.4499999999998
131,-562.15,728.4499999999998
132,-606.6999999999999,728.4499999999998
133,-651.2499999999999,728.4499999999998
134,-695.7999999999998,728.4499999999998
135,-740.3499999999998,728.4499999999998
136,-784.8999999999997,728.4499999999998
137,-829.4499999999997,728.4499999999998
138,918.5499999999996,642.7499999999998
139,873.9999999999997,642.7499999999998
140,829.4499999999997,642.7499999999998
141,784.8999999999997,642.7499999999998
142,740.3499999999998,642.7499999999998
143,695.7999999999998,642.7499999999998
144,651.2499999999999,642.7499999999998
145,606.6999999999999,642.7499999999998
146,562.15,642.7499999999998
147,517.6,642.7499999999998
148,473.05000000000007,642.7499999999998
149,428.50000000000006,642.7499999999998
150,383.95000000000005,642.7499999999998
151,339.40000000000003,642.7499999999998
152,294.85,642.7499999999998
153,250.30000000000004,642.7499999999998
154,205.75000000000003,642.7499999999998
155,161.20000000000002,642.7499999999998
156,116.65,642.7499999999998
157,72.10000000000001,642.7499999999998
158,27.550000000000004,642.7499999999998
159,-27.550000000000004,642.7499999999998
160,-72.10000000000001,642.7499999999998
161,-116.65,642.7499999999998
162,-161.20000000000002,642.7499999999998
163,-205.75000000000003,642.7499999999998
164,-250.30000000000004,642.7499999999998
165,-294.85,642.7499999999998
166,-339.40000000000003,642.7499999999998
167,-383.95000000000005,642.7499999999998
168,-428.50000000000006,642.7499999999998
169,-473.05000000000007,642.7499999999998
170,-517.6,642.7499999999998
171,-562.15,642.7499999999998
172,-606.6999999999999,642.7499999999998
173,-651.2499999999999,642.7499999999998
174,-695.7999999999998,642.7499999999998
175,-740.3499999999998,642.7499999999998
176,-784.8999999999997,642.7499999999998
177,-829.4499999999997,642.7499999999998
178,-873.9999999999997,642.7499999999998
179,-918.5499999999996,642.7499999999998
180,963.0999999999996,557.0499999999997
181,918.5499999999996,557.0499999999997
182,873.9999999999997,557.0499999999997
183,829.4499999999997,557.0499999999997
184,784.8999999999997,557.0499999999997
185,740.3499999999998,557.0499999999997
186,695.7999999999998,557.0499999999997
187,651.2499999999999,557.0499999999997
188,606.6999999999999,557.0499999999997
189,562.15,557.0499999999997
190,517.6,557.0499999999997
191,473.05000000000007,557.0499999999997
192,428.50000000000006,557.0499999999997
193,383.95000000000005,557.0499999999997
194,339.40000000000003,557.0499999999997
195,294.85,557.0499999999997
196,250.30000000000004,557.0499999999997
197,205.75000000000003,557.0499999999997
198,161.20000000000002,557.0499999999997
199,116.65,557.0499999999997
200,72.10000000000001,557.0499999999997
201,27.550000000000004,557.0499999999997
202,-27.550000000000004,557.0499999999997
203,-72.10000000000001,557.0499999999997
204,-116.65,557.0499999999997
205,-161.20000000000002,557.0499999999997
206,-205.75000000000003,557.0499999999997
207,-250.30000000000004,557.0499999999997
208,-294.85,557.0499999999997
209,-339.40000000000003,557.0499999999997
210,-383.95000000000005,557.0499999999997
211,-428.50000000000006,557.0499999999997
212,-473.05000000000007,557.0499999999997
213,-517.6,557.0499999999997
214,-562.15,557.0499999999997
215,-606.6999999999999,557.0499999999997
216,-651.2499999999999,557.0499999999997
217,-695.7999999999998,557.0499999999997
218,-740.3499999999998,557.0499999999997
219,-784.8999999999997,557.0499999999997
220,-829.4499999999997,557.0499999999997
221,-873.9999999999997,557.0499999999997
222,-918.5499999999996,557.0499999999997
223,-963.0999999999996,557.0499999999997
224,918.5499999999996,471.34999999999974
225,873.9999999999997,471.34999999999974
226,829.4499999999997,471.34999999999974
227,784.8999999999997,471.34999999999974
228,740.3499999999998,471.34999999999974
229,695.7999999999998,471.34999999999974
230,651.2499999999999,471.34999999999974
231,606.6999999999999,471.34999999999974
232,562.15,471.34999999999974
233,517.6,471.34999999999974
234,473.05000000000007,471.34999999999974
235,428.50000000000006,471.34999999999974
236,383.95000000000005,471.34999999999974
237,339.40000000000003,471.34999999999974
238,294.85,471.34999999999974
239,250.30000000000004,471.34999999999974
240,205.75000000000003,471.34999999999974
241,161.20000000000002,471.34999999999974
242,116.65,471.34999999999974
243,72.10000000000001,471.34999999999974
244,27.550000000000004,471.34999999999974
245,-27.550000000000004,471.34999999999974
246,-72.10000000000001,471.34999999999974
247,-116.65,471.34999999999974
248,-161.20000000000002,471.34999999999974
249,-205.75000000000003,471.34999999999974
250,-250.30000000000004,471.34999999999974
251,-294.85,471.34999999999974
252,-339.40000000000003,471.34999999999974
253,-383.95000000000005,471.34999999999974
254,-428.50000000000006,471.34999999999974
255,-473.05000000000007,471.34999999999974
256,-517.6,471.34999999999974
257,-562.15,471.34999999999974
258,-606.6999999999999,471.34999999999974
259,-651.2499999999999,471.34999999999974
260,-695.7999999999998,471.34999999999974
261,-740.3499999999998,471.34999999999974
262,-784.8999999999997,471.34999999999974
263,-829.4499999999997,471.34999999999974
264,-873.9999999999997,471.34999999999974
265,-918.5499999999996,471.34999999999974
266,918.5499999999996,385.64999999999975
267,873.9999999999997,385.64999999999975
268,829.4499999999997,385.64999999999975
269,784.8999999999997,385.64999999999975
270,740.3499999999998,385.64999999999975
271,695.7999999999998,385.64999999999975
272,651.2499999999999,385.64999999999975
273,606.6999999999999,385.64999999999975
274,562.15,385.64999999999975
275,517.6,385.64999999999975
276,473.05000000000007,385.64999999999975
277,428.50000000000006,385.64999999999975
278,383.95000000000005,385.64999999999975
279,339.40000000000003,385.64999999999975
280,294.85,385.64999999999975
281,-294.85,385.64999999999975
282,-339.40000000000003,385.64999999999975
283,-383.95000000000005,385.64999999999975
284,-428.50000000000006,385.64999999999975
285,-473.05000000000007,385.64999999999975
286,-517.6,385.64999999999975
287,-562.15,385.64999999999975
288,-606.6999999999999,385.64999999999975
289,-651.2499999999999,385.64999999999975
290,-695.7999999999998,385.64999999999975
291,-740.3499999999998,385.64999999999975
292,-784.8999999999997,385.64999999999975
293,-829.4499999999997,385.64999999999975
294,-873.9999999999997,385.64999999999975
295,-918.5499999999996,385.64999999999975
296,1052.1999999999996,299.94999999999976
297,1007.6499999999995,299.94999999999976
298,963.0999999999996,299.94999999999976
299,918.5499999999996,299.94999999999976
300,873.9999999999997,299.94999999999976
301,829.4499999999997,299.94999999999976
302,784.8999999999997,299.94999999999976
303,740.3499999999998,299.94999999999976
304,695.7999999999998,299.94999999999976
305,651.2499999999999,299.94999999999976
306,606.6999999999999,299.94999999999976
307,562.15,299.94999999999976
308,517.6,299.94999999999976
309,473.05000000000007,299.94999999999976
310,428.50000000000006,299.94999999999976
311,383.95000000000005,299.94999999999976
312,339.40000000000003,299.94999999999976
313,294.85,299.94999999999976
314,-294.85,299.94999999999976
315,-339.40000000000003,299.94999999999976
316,-383.95000000000005,299.94999999999976
317,-428.50000000000006,299.94999999999976
318,-473.05000000000007,299.94999999999976
319,-517.6,299.94999999999976
320,-562.15,299.94999999999976
321,-606.6999999999999,299.94999999999976
322,-651.2499999999999,299.94999999999976
323,-695.7999999999998,299.94999999999976
324,-740.3499999999998,299.94999999999976
325,-784.8999999999997,299.94999999999976
326,-829.4499999999997,299.94999999999976
327,-873.9999999999997,299.94999999999976
328,-918.5499999999996,299.94999999999976
329,-963.0999999999996,299.94999999999976
330,-1007.6499999999995,299.94999999999976
331,-1052.1999999999996,299.94999999999976
332,1052.1999999999996,214.24999999999977
333,1007.6499999999995,214.24999999999977
334,963.0999999999996,214.24999999999977
335,918.5499999999996,214.24999999999977
336,873.9999999999997,214.24999999999977
337,829.4499999999997,214.24999999999977
338,784.8999999999997,214.24999999999977
339,740.3499999999998,214.24999999999977
340,695.7999999999998,214.24999999999977
341,651.2499999999999,214.24999999999977
342,606.6999999999999,214.24999999999977
343,562.15,214.24999999999977
344,517.6,214.24999999999977
345,473.05000000000007,214.24999999999977
346,428.50000000000006,214.24999999999977
347,383.95000000000005,214.24999999999977
348,339.40000000000003,214.24999999999977
349,-339.40000000000003,214.24999999999977
350,-383.95000000000005,214.24999999999977
351,-428.50000000000006,214.24999999999977
352,-473.05000000000007,214.24999999999977
353,-517.6,214.24999999999977
354,-562.15,214.24999999999977
355,-606.6999999999999,214.24999999999977
356,-651.2499999999999,214.24999999999977
357,-695.7999999999998,214.24999999999977
358,-740.3499999999998,214.24999999999977
359,-784.8999999999997,214.24999999999977
360,-829.4499999999997,214.24999999999977
361,-873.9999999999997,214.24999999999977
362,-918.5499999999996,214.24999999999977
363,-963.0999999999996,214.24999999999977
364,-1007.6499999999995,214.24999999999977
365,-1052.1999999999996,214.24999999999977
366,1052.1999999999996,128.54999999999978
367,1007.6499999999995,128.54999999999978
368,963.0999999999996,128.54999999999978
369,918.5499999999996,128.54999999999978
370,873.9999999999997,128.54999999999978
371,829.4499999999997,128.54999999999978
372,784.8999999999997,128.54999999999978
373,740.3499999999998,128.54999999999978
374,695.7999999999998,128.54999999999978
375,651.2499999999999,128.54999999999978
376,606.6999999999999,128.54999999999978
377,562.15,128.54999999999978
378,517.6,128.54999999999978
379,473.05000000000007,128.54999999999978
380,428.50000000000006,128.54999999999978
381,383.95000000000005,128.54999999999978
382,-383.95000000000005,128.54999999999978
383,-428.50000000000006,128.54999999999978
384,-473.05000000000007,128.54999999999978
385,-517.6,128.54999999999978
386,-562.15,128.54999999999978
387,-606.6999999999999,128.54999999999978
388,-651.2499999999999,128.54999999999978
389,-695.7999999999998,128.54999999999978
390,-740.3499999999998,128.54999999999978
391,-784.8999999999997,128.54999999999978
392,-829.4499999999997,128.54999999999978
393,-873.9999999999997,128.54999999999978
394,-918.5499999999996,128.54999999999978
395,-963.0999999999996,128.54999999999978
396,-1007.6499999999995,128.54999999999978
397,-1052.1999999999996,128.54999999999978
398,1052.1999999999996,42.84999999999978
399,1007.6499999999995,42.84999999999978
400,963.0999999999996,42.84999999999978
401,918.5499999999996,42.84999999999978
402,873.9999999999997,42.84999999999978
403,829.4499999999997,42.84999999999978
404,784.8999999999997,42.84999999999978
405,740.3499999999998,42.84999999999978
406,695.7999999999998,42.84999999999978
407,651.2499999999999,42.84999999999978
408,606.6999999999999,42.84999999999978
409,562.15,42.84999999999978
410,517.6,42.84999999999978
411,473.05000000000007,42.84999999999978
412,-473.05000000000007,42.84999999999978
413,-517.6,42.84999999999978
414,-562.15,42.84999999999978
415,-606.6999999999999,42.84999999999978
416,-651.2499999999999,42.84999999999978
417,-695.7999999999998,42.84999999999978
418,-740.3499999999998,42.84999999999978
419,-784.8999999999997,42.84999999999978
420,-829.4499999999997,42.84999999999978
421,-873.9999999999997,42.84999999999978
422,-918.5499999999996,42.84999999999978
423,-963.0999999999996,42.84999999999978
424,-1007.6499999999995,42.84999999999978
425,-1052.1999999999996,42.84999999999978
426,1052.1999999999996,-42.85000000000022
427,1007.6499999999995,-42.85000000000022
428,963.0999999999996,-42.85000000000022
429,918.5499999999996,-42.85000000000022
430,873.9999999999997,-42.85000000000022
431,829.4499999999997,-42.85000000000022
432,784.8999999999997,-42.85000000000022
433,740.3499999999998,-42.85000000000022
434,695.7999999999998,-42.85000000000022
435,651.2499999999999,-42.85000000000022
436,606.6999999999999,-42.85000000000022
437,562.15,-42.85000000000022
438,517.6,-42.85000000000022
439,473.05000000000007,-42.85000000000022
440,-473.05000000000007,-42.85000000000022
441,-517.6,-42.85000000000022
442,-562.15,-42.85000000000022
443,-606.6999999999999,-42.85000000000022
444,-651.2499999999999,-42.85000000000022
445,-695.7999999999998,-42.85000000000022
446,-740.3499999999998,-42.85000000000022
447,-784.8999999999997,-42.85000000000022
448,-829.4499999999997,-42.85000000000022
449,-873.9999999999997,-42.85000000000022
450,-918.5499999999996,-42.85000000000022
451,-963.0999999999996,-42.85000000000022
452,-1007.6499999999995,-42.85000000000022
453,-1052.1999999999996,-42.85000000000022
454,1052.1999999999996,-128.55000000000024
455,1007.6499999999995,-128.55000000000024
456,963.0999999999996,-128.55000000000024
457,918.5499999999996,-128.55000000000024
458,873.9999999999997,-128.55000000000024
459,829.4499999999997,-128.55000000000024
460,784.8999999999997,-128.55000000000024
461,740.3499999999998,-128.55000000000024
462,695.7999999999998,-128.55000000000024
463,651.2499999999999,-128.55000000000024
464,606.6999999999999,-128.55000000000024
465,562.15,-128.55000000000024
466,517.6,-128.55000000000024
467,473.05000000000007,-128.55000000000024
468,428.50000000000006,-128.55000000000024
469,383.95000000000005,-128.55000000000024
470,-383.95000000000005,-128.55000000000024
471,-428.50000000000006,-128.55000000000024
472,-473.05000000000007,-128.55000000000024
473,-517.6,-128.55000000000024
474,-562.15,-128.55000000000024
475,-606.6999999999999,-128.55000000000024
476,-651.2499999999999,-128.55000000000024
477,-695.7999999999998,-128.55000000000024
478,-740.3499999999998,-128.55000000000024
479,-784.8999999999997,-128.55000000000024
480,-829.4499999999997,-128.55000000000024
481,-873.9999999999997,-128.55000000000024
482,-918.5499999999996,-128.55000000000024
483,-963.0999999999996,-128.55000000000024
484,-1007.6499999999995,-128.55000000000024
485,-1052.1999999999996,-128.55000000000024
486,1052.1999999999996,-214.25000000000023
487,1007.6499999999995,-214.25000000000023
488,963.0999999999996,-214.25000000000023
489,918.5499999999996,-214.25000000000023
490,873.9999999999997,-214.25000000000023
491,829.4499999999997,-214.25000000000023
492,784.8999999999997,-214.25000000000023
493,740.3499999999998,-214.25000000000023
494,695.7999999999998,-214.25000000000023
495,651.2499999999999,-214.25000000000023
496,606.6999999999999,-214.25000000000023
497,562.15,-214.25000000000023
498,517.6,-214.25000000000023
499,473.05000000000007,-214.25000000000023
500,428.50000000000006,-214.25000000000023
501,383.95000000000005,-214.25000000000023
502,339.40000000000003,-214.25000000000023
503,-339.40000000000003,-214.25000000000023
504,-383.95000000000005,-214.25000000000023
505,-428.50000000000006,-214.25000000000023
506,-473.05000000000007,-214.25000000000023
507,-517.6,-214.25000000000023
508,-562.15,-214.25000000000023
509,-606.6999999999999,-214.25000000000023
510,-651.2499999999999,-214.25000000000023
511,-695.7999999999998,-214.25000000000023
512,-740.3499999999998,-214.25000000000023
513,-784.8999999999997,-214.25000000000023
514,-829.4499999999997,-214.25000000000023
515,-873.9999999999997,-214.25000000000023
516,-918.5499999999996,-214.25000000000023
517,-963.0999999999996,-214.25000000000023
518,-1007.6499999999995,-214.25000000000023
519,-1052.1999999999996,-214.25000000000023
520,1052.1999999999996,-299.9500000000002
521,1007.6499999999995,-299.9500000000002
522,963.0999999999996,-299.9500000000002
523,918.5499999999996,-299.9500000000002
524,873.9999999999997,-299.9500000000002
525,829.4499999999997,-299.9500000000002
526,784.8999999999997,-299.9500000000002
527,740.3499999999998,-299.9500000000002
528,695.7999999999998,-299.9500000000002
529,651.2499999999999,-299.9500000000002
530,606.6999999999999,-299.9500000000002
531,562.15,-299.9500000000002
532,517.6,-299.9500000000002
533,473.05000000000007,-299.9500000000002
534,428.50000000000006,-299.9500000000002
535,383.95000000000005,-299.9500000000002
536,339.40000000000003,-299.9500000000002
537,294.85,-299.9500000000002
538,-294.85,-299.9500000000002
539,-339.40000000000003,-299.9500000000002
540,-383.95000000000005,-299.9500000000002
541,-428.50000000000006,-299.9500000000002
542,-473.05000000000007,-299.9500000000002
543,-517.6,-299.9500000000002
544,-562.15,-299.9500000000002
545,-606.6999999999999,-299.9500000000002
546,-651.2499999999999,-299.9500000000002
547,-695.7999999999998,-299.9500000000002
548,-740.3499999999998,-299.9500000000002
549,-784.8999999999997,-299.9500000000002
550,-829.4499999999997,-299.9500000000002
551,-873.9999999999997,-299.9500000000002
552,-918.5499999999996,-299.9500000000002
553,-963.0999999999996,-299.9500000000002
554,-1007.6499999999995,-299.9500000000002
555,-1052.1999999999996,-299.9500000000002
556,918.5499999999996,-385.6500000000002
557,873.9999999999997,-385.6500000000002
558,829.4499999999997,-385.6500000000002
559,784.8999999999997,-385.6500000000002
560,740.3499999999998,-385.6500000000002
561,695.7999999999998,-385.6500000000002
562,651.2499999999999,-385.6500000000002
563,606.6999999999999,-385.6500000000002
564,562.15,-385.6500000000002
565,517.6,-385.6500000000002
566,473.05000000000007,-385.6500000000002
567,428.50000000000006,-385.6500000000002
568,383.95000000000005,-385.6500000000002
569,339.40000000000003,-385.6500000000002
570,294.85,-385.6500000000002
571,250.30000000000004,-385.6500000000002
572,116.65,-385.6500000000002
573,72.10000000000001,-385.6500000000002
574,27.550000000000004,-385.6500000000002
575,-27.550000000000004,-385.6500000000002
576,-72.10000000000001,-385.6500000000002
577,-116.65,-385.6500000000002
578,-250.30000000000004,-385.6500000000002
579,-294.85,-385.6500000000002
580,-339.40000000000003,-385.6500000000002
581,-383.95000000000005,-385.6500000000002
582,-428.50000000000006,-385.6500000000002
583,-473.05000000000007,-385.6500000000002
584,-517.6,-385.6500000000002
585,-562.15,-385.6500000000002
586,-606.6999999999999,-385.6500000000002
587,-651.2499999999999,-385.6500000000002
588,-695.7999999999998,-385.6500000000002
589,-740.3499999999998,-385.6500000000002
590,-784.8999999999997,-385.6500000000002
591,-829.4499999999997,-385.6500000000002
592,-873.9999999999997,-385.6500000000002
593,-918.5499999999996,-385.6500000000002
594,963.0999999999996,-471.3500000000002
595,918.5499999999996,-471.3500000000002
596,873.9999999999997,-471.3500000000002
597,829.4499999999997,-471.3500000000002
598,784.8999999999997,-471.3500000000002
599,740.3499999999998,-471.3500000000002
600,695.7999999999998,-471.3500000000002
601,651.2499999999999,-471.3500000000002
602,606.6999999999999,-471.3500000000002
603,562.15,-471.3500000000002
604,517.6,-471.3500000000002
605,473.05000000000007,-471.3500000000002
606,428.50000000000006,-471.3500000000002
607,383.95000000000005,-471.3500000000002
608,339.40000000000003,-471.3500000000002
609,294.85,-471.3500000000002
610,250.30000000000004,-471.3500000000002
611,205.75000000000003,-471.3500000000002
612,161.20000000000002,-471.3500000000002
613,116.65,-471.3500000000002
614,72.10000000000001,-471.3500000000002
615,27.550000000000004,-471.3500000000002
616,-27.550000000000004,-471.3500000000002
617,-72.10000000000001,-471.3500000000002
618,-116.65,-471.3500000000002
619,-161.20000000000002,-471.3500000000002
620,-205.75000000000003,-471.3500000000002
621,-250.30000000000004,-471.3500000000002
622,-294.85,-471.3500000000002
623,-339.40000000000003,-471.3500000000002
624,-383.95000000000005,-471.3500000000002
625,-428.50000000000006,-471.3500000000002
626,-473.05000000000007,-471.3500000000002
627,-517.6,-471.3500000000002
628,-562.15,-471.3500000000002
629,-606.6999999999999,-471.3500000000002
630,-651.2499999999999,-471.3500000000002
631,-695.7999999999998,-471.3500000000002
632,-740.3499999999998,-471.3500000000002
633,-784.8999999999997,-471.3500000000002
634,-829.4499999999997,-471.3500000000002
635,-873.9999999999997,-471.3500000000002
636,-918.5499999999996,-471.3500000000002
637,-963.0999999999996,-471.3500000000002
638,963.0999999999996,-557.0500000000002
639,918.5499999999996,-557.0500000000002
640,873.9999999999997,-557.0500000000002
641,829.4499999999997,-557.0500000000002
642,784.8999999999997,-557.0500000000002
643,740.3499999999998,-557.0500000000002
644,695.7999999999998,-557.0500000000002
645,651.2499999999999,-557.0500000000002
646,606.6999999999999,-557.0500000000002
647,562.15,-557.0500000000002
648,517.6,-557.0500000000002
649,473.05000000000007,-557.0500000000002
650,428.50000000000006,-557.0500000000002
651,383.95000000000005,-557.0500000000002
652,339.40000000000003,-557.0500000000002
653,294.85,-557.0500000000002
654,250.30000000000004,-557.0500000000002
655,205.75000000000003,-557.0500000000002
656,161.20000000000002,-557.0500000000002
657,116.65,-557.0500000000002
658,72.10000000000001,-557.0500000000002
659,27.550000000000004,-557.0500000000002
660,-27.550000000000004,-557.0500000000002
661,-72.10000000000001,-557.0500000000002
662,-116.65,-557.0500000000002
663,-161.20000000000002,-557.0500000000002
664,-205.75000000000003,-557.0500000000002
665,-250.30000000000004,-557.0500000000002
666,-294.85,-557.0500000000002
667,-339.40000000000003,-557.0500000000002
668,-383.95000000000005,-557.0500000000002
669,-428.50000000000006,-557.0500000000002
670,-473.05000000000007,-557.0500000000002
671,-517.6,-557.0500000000002
672,-562.15,-557.0500000000002
673,-606.6999999999999,-557.0500000000002
674,-651.2499999999999,-557.0500000000002
675,-695.7999999999998,-557.0500000000002
676,-740.3499999999998,-557.0500000000002
677,-784.8999999999997,-557.0500000000002
678,-829.4499999999997,-557.0500000000002
679,-873.9999999999997,-557.0500000000002
680,-918.5499999999996,-557.0500000000002
681,-963.0999999999996,-557.0500000000002
682,873.9999999999997,-642.7500000000002
683,829.4499999999997,-642.7500000000002
684,784.8999999999997,-642.7500000000002
685,740.3499999999998,-642.7500000000002
686,695.7999999999998,-642.7500000000002
687,651.2499999999999,-642.7500000000002
688,606.6999999999999,-642.7500000000002
689,562.15,-642.7500000000002
690,517.6,-642.7500000000002
691,473.05000000000007,-642.7500000000002
692,428.50000000000006,-642.7500000000002
693,383.95000000000005,-642.7500000000002
694,339.40000000000003,-642.7500000000002
695,294.85,-642.7500000000002
696,250.30000000000004,-642.7500000000002
697,205.75000000000003,-642.7500000000002
698,161.20000000000002,-642.7500000000002
699,116.65,-642.7500000000002
700,72.10000000000001,-642.7500000000002
701,27.550000000000004,-642.7500000000002
702,-27.550000000000004,-642.7500000000002
703,-72.10000000000001,-642.7500000000002
704,-116.65,-642.7500000000002
705,-161.20000000000002,-642.7500000000002
706,-205.75000000000003,-642.7500000000002
707,-250.30000000000004,-642.7500000000002
708,-294.85,-642.7500000000002
709,-339.40000000000003,-642.7500000000002
710,-383.95000000000005,-642.7500000000002
711,-428.50000000000006,-642.7500000000002
712,-473.05000000000007,-642.7500000000002
713,-517.6,-642.7500000000002
714,-562.15,-642.7500000000002
715,-606.6999999999999,-642.7500000000002
716,-651.2499999999999,-642.7500000000002
717,-695.7999999999998,-642.7500000000002
718,-740.3499999999998,-642.7500000000002
719,-784.8999999999997,-642.7500000000002
720,-829.4499999999997,-642.7500000000002
721,-873.9999999999997,-642.7500000000002
722,829.4499999999997,-728.4500000000003
723,784.8999999999997,-728.4500000000003
724,740.3499999999998,-728.4500000000003
725,695.7999999999998,-728.4500000000003
726,651.2499999999999,-728.4500000000003
727,606.6999999999999,-728.4500000000003
728,562.15,-728.4500000000003
729,517.6,-728.4500000000003
730,473.05000000000007,-728.4500000000003
731,428.50000000000006,-728.4500000000003
732,383.95000000000005,-728.4500000000003
733,339.40000000000003,-728.4500000000003
734,294.85,-728.4500000000003
735,250.30000000000004,-728.4500000000003
736,205.75000000000003,-728.4500000000003
737,161.20000000000002,-728.4500000000003
738,116.65,-728.4500000000003
739,72.10000000000001,-728.4500000000003
740,27.550000000000004,-728.4500000000003
741,-27.550000000000004,-728.4500000000003
742,-72.10000000000001,-728.4500000000003
743,-116.65,-728.4500000000003
744,-161.20000000000002,-728.4500000000003
745,-205.75000000000003,-728.4500000000003
746,-250.30000000000004,-728.4500000000003
747,-294.85,-728.4500000000003
748,-339.40000000000003,-728.4500000000003
749,-383.95000000000005,-728.4500000000003
750,-428.50000000000006,-728.4500000000003
751,-473.05000000000007,-728.4500000000003
752,-517.6,-728.4500000000003
753,-562.15,-728.4500000000003
754,-606.6999999999999,-728.4500000000003
755,-651.2499999999999,-728.4500000000003
756,-695.7999999999998,-728.4500000000003
757,-740.3499999999998,-728.4500000000003
758,-784.8999999999997,-728.4500000000003
759,-829.4499999999997,-728.4500000000003
760,740.3499999999998,-814.1500000000003
761,695.7999999999998,-814.1500000000003
762,651.2499999999999,-814.1500000000003
763,606.6999999999999,-814.1500000000003
764,562.15,-814.1500000000003
765,517.6,-814.1500000000003
766,473.05000000000007,-814.1500000000003
767,428.50000000000006,-814.1500000000003
768,383.95000000000005,-814.1500000000003
769,339.40000000000003,-814.1500000000003
770,294.85,-814.1500000000003
771,250.30000000000004,-814.1500000000003
772,205.75000000000003,-814.1500000000003
773,161.20000000000002,-814.1500000000003
774,116.65,-814.1500000000003
775,72.10000000000001,-814.1500000000003
776,27.550000000000004,-814.1500000000003
777,-27.550000000000004,-814.1500000000003
778,-72.10000000000001,-814.1500000000003
779,-116.65,-814.1500000000003
780,-161.20000000000002,-814.1500000000003
781,-205.75000000000003,-814.1500000000003
782,-250.30000000000004,-814.1500000000003
783,-294.85,-814.1500000000003
784,-339.40000000000003,-814.1500000000003
785,-383.95000000000005,-814.1500000000003
786,-428.50000000000006,-814.1500000000003
787,-473.05000000000007,-814.1500000000003
788,-517.6,-814.1500000000003
789,-562.15,-814.1500000000003
790,-606.6999999999999,-814.1500000000003
791,-651.2499999999999,-814.1500000000003
792,-695.7999999999998,-814.1500000000003
793,-740.3499999999998,-814.1500000000003
794,651.2499999999999,-899.8500000000004
795,606.6999999999999,-899.8500000000004
796,562.15,-899.8500000000004
797,517.6,-899.8500000000004
798,473.05000000000007,-899.8500000000004
799,428.50000000000006,-899.8500000000004
800,383.95000000000005,-899.8500000000004
801,339.40000000000003,-899.8500000000004
802,294.85,-899.8500000000004
803,250.30000000000004,-899.8500000000004
804,205.75000000000003,-899.8500000000004
805,161.20000000000002,-899.8500000000004
806,116.65,-899.8500000000004
807,72.10000000000001,-899.8500000000004
808,27.550000000000004,-899.8500000000004
809,-27.550000000000004,-899.8500000000004
810,-72.10000000000001,-899.8500000000004
811,-116.65,-899.8500000000004
812,-161.20000000000002,-899.8500000000004
813,-205.75000000000003,-899.8500000000004
814,-250.30000000000004,-899.8500000000004
815,-294.85,-899.8500000000004
816,-339.40000000000003,-899.8500000000004
817,-383.95000000000005,-899.8500000000004
818,-428.50000000000006,-899.8500000000004
819,-473.05000000000007,-899.8500000000004
820,-517.6,-899.8500000000004
821,-562.15,-899.8500000000004
822,-606.6999999999999,-899.8500000000004
823,-651.2499999999999,-899.8500000000004
824,473.05000000000007,-985.5500000000004
825,428.50000000000006,-985.5500000000004
826,383.95000000000005,-985.5500000000004
827,339.40000000000003,-985.5500000000004
828,294.85,-985.5500000000004
829,250.30000000000004,-985.5500000000004
830,205.75000000000003,-985.5500000000004
831,161.20000000000002,-985.5500000000004
832,116.65,-985.5500000000004
833,72.10000000000001,-985.5500000000004
834,27.550000000000004,-985.5500000000004
835,-27.550000000000004,-985.5500000000004
836,-72.10000000000001,-985.5500000000004
837,-116.65,-985.5500000000004
838,-161.20000000000002,-985.5500000000004
839,-205.75000000000003,-985.5500000000004
840,-250.30000000000004,-985.5500000000004
841,-294.85,-985.5500000000004
842,-339.40000000000003,-985.5500000000004
843,-383.95000000000005,-985.5500000000004
844,-428.50000000000006,-985.5500000000004
845,-473.05000000000007,-985.5500000000004
846,205.75000000000003,-1071.2500000000005
847,161.20000000000002,-1071.2500000000005
848,-161.20000000000002,-1071.2500000000005
849,-205.75000000000003,-1071.2500000000005
850,-383.95000000000005,1071.25
851,383.95000000000005,1071.25
852,-562.1500000000001,985.55
853,562.1500000000001,985.55
854,-695.8,899.8499999999999
855,695.8,899.8499999999999
856,-784.8999999999999,814.1499999999999
857,784.8999999999999,814.1499999999999
858,-873.9999999999998,728.4499999999998
859,873.9999999999998,728.4499999999998
860,-1007.6499999999996,557.0499999999997
861,1007.6499999999996,557.0499999999997
862,-963.0999999999997,471.34999999999974
863,963.0999999999997,471.34999999999974
864,-963.0999999999997,385.64999999999975
865,963.0999999999997,385.64999999999975
866,-1096.7499999999995,299.94999999999976
867,1096.7499999999995,299.94999999999976
868,-1096.7499999999995,214.24999999999977
869,1096.7499999999995,214.24999999999977
870,-1096.7499999999995,128.54999999999978
871,1096.7499999999995,128.54999999999978
872,-1096.7499999999995,42.84999999999978
873,1096.7499999999995,42.84999999999978
874,-1096.7499999999995,-42.85000000000022
875,1096.7499999999995,-42.85000000000022
876,-1096.7499999999995,-128.55000000000024
877,1096.7499999999995,-128.55000000000024
878,-1096.7499999999995,-214.25000000000023
879,1096.7499999999995,-214.25000000000023
880,-1096.7499999999995,-299.9500000000002
881,1096.7499999999995,-299.9500000000002
882,-963.0999999999997,-385.6500000000002
883,963.0999999999997,-385.6500000000002
884,-1007.6499999999996,-471.3500000000002
885,1007.6499999999996,-471.3500000000002
886,-1007.6499999999996,-557.0500000000002
887,1007.6499999999996,-557.0500000000002
888,-918.5499999999997,-642.7500000000002
889,918.5499999999997,-642.7500000000002
890,-873.9999999999998,-728.4500000000003
891,873.9999999999998,-728.4500000000003
892,-784.8999999999999,-814.1500000000003
893,784.8999999999999,-814.1500000000003
894,-695.8,-899.8500000000004
895,695.8,-899.8500000000004
896,-517.6000000000001,-985.5500000000004
897,517.6000000000001,-985.5500000000004
898,-250.3,-1071.2500000000005
899,250.3,-1071.2500000000005
