,X,Y
0,380.95000000000005,1071.25
1,336.77500000000003,1071.25
2,292.6,1071.25
3,248.42500000000004,1071.25
4,204.25000000000003,1071.25
5,160.07500000000002,1071.25
6,115.9,1071.25
7,-115.9,1071.25
8,-160.07500000000002,1071.25
9,-204.25000000000003,1071.25
10,-248.42500000000004,1071.25
11,-292.6,1071.25
12,-336.77500000000003,1071.25
13,-380.95000000000005,1071.25
14,557.6500000000001,985.55
15,513.475,985.55
16,469.30000000000007,985.55
17,425.12500000000006,985.55
18,380.95000000000005,985.55
19,336.77500000000003,985.55
20,292.6,985.55
21,248.42500000000004,985.55
22,204.25000000000003,985.55
23,160.07500000000002,985.55
24,115.9,985.55
25,71.72500000000001,985.55
26,27.550000000000004,985.55
27,-27.550000000000004,985.55
28,-71.72500000000001,985.55
29,-115.9,985.55
30,-160.07500000000002,985.55
31,-204.25000000000003,985.55
32,-248.42500000000004,985.55
33,-292.6,985.55
34,-336.77500000000003,985.55
35,-380.95000000000005,985.55
36,-425.12500000000006,985.55
37,-469.30000000000007,985.55
38,-513.475,985.55
39,-557.6500000000001,985.55
40,690.175,899.8499999999999
41,645.9999999999999,899.8499999999999
42,601.8249999999999,899.8499999999999
43,557.65,899.8499999999999
44,513.475,899.8499999999999
45,469.30000000000007,899.8499999999999
46,425.12500000000006,899.8499999999999
47,380.95000000000005,899.8499999999999
48,336.77500000000003,899.8499999999999
49,292.6,899.8499999999999
50,248.42500000000004,899.8499999999999
51,204.25000000000003,899.8499999999999
52,160.07500000000002,899.8499999999999
53,115.9,899.8499999999999
54,71.72500000000001,899.8499999999999
55,27.550000000000004,899.8499999999999
56,-27.550000000000004,899.8499999999999
57,-71.72500000000001,899.8499999999999
58,-115.9,899.8499999999999
59,-160.07500000000002,899.8499999999999
60,-204.25000000000003,899.8499999999999
61,-248.42500000000004,899.8499999999999
62,-292.6,899.8499999999999
63,-336.77500000000003,899.8499999999999
64,-380.95000000000005,899.8499999999999
65,-425.12500000000006,899.8499999999999
66,-469.30000000000007,899.8499999999999
67,-513.475,899.8499999999999
68,-557.65,899.8499999999999
69,-601.8249999999999,899.8499999999999
70,-645.9999999999999,899.8499999999999
71,-690.175,899.8499999999999
72,778.5249999999999,814.1499999999999
73,734.3499999999998,814.1499999999999
74,690.1749999999998,814.1499999999999
75,645.9999999999999,814.1499999999999
76,601.8249999999999,814.1499999999999
77,557.65,814.1499999999999
78,513.475,814.1499999999999
79,469.30000000000007,814.1499999999999
80,425.12500000000006,814.1499999999999
81,380.95000000000005,814.1499999999999
82,336.77500000000003,814.1499999999999
83,292.6,814.1499999999999
84,248.42500000000004,814.1499999999999
85,204.25000000000003,814.1499999999999
86,160.07500000000002,814.1499999999999
87,115.9,814.1499999999999
88,71.72500000000001,814.1499999999999
89,27.550000000000004,814.1499999999999
90,-27.550000000000004,814.1499999999999
91,-71.72500000000001,814.1499999999999
92,-115.9,814.1499999999999
93,-160.07500000000002,814.1499999999999
94,-204.25000000000003,814.1499999999999
95,-248.42500000000004,814.1499999999999
96,-292.6,814.1499999999999
97,-336.77500000000003,814.1499999999999
98,-380.95000000000005,814.1499999999999
99,-425.12500000000006,814.1499999999999
100,-469.30000000000007,814.1499999999999
101,-513.475,814.1499999999999
102,-557.65,814.1499999999999
103,-601.8249999999999,814.1499999999999
104,-645.9999999999999,814.1499999999999
105,-690.1749999999998,814.1499999999999
106,-734.3499999999998,814.1499999999999
107,-778.5249999999999,814.1499999999999
108,866.8749999999998,728.4499999999998
109,822.6999999999997,728.4499999999998
110,778.5249999999997,728.4499999999998
111,734.3499999999998,728.4499999999998
112,690.1749999999998,728.4499999999998
113,645.9999999999999,728.4499999999998
114,601.8249999999999,728.4499999999998
115,557.65,728.4499999999998
116,513.475,728.4499999999998
117,469.30000000000007,728.4499999999998
118,425.12500000000006,728.4499999999998
119,380.95000000000005,728.4499999999998
120,336.77500000000003,728.4499999999998
121,292.6,728.4499999999998
122,248.42500000000004,728.4499999999998
123,204.25000000000003,728.4499999999998
124,160.07500000000002,728.4499999999998
125,115.9,728.4499999999998
126,71.72500000000001,728.4499999999998
127,27.550000000000004,728.4499999999998
128,-27.550000000000004,728.4499999999998
129,-71.72500000000001,728.4499999999998
130,-115.9,728.4499999999998
131,-160.07500000000002,728.4499999999998
132,-204.25000000000003,728.4499999999998
133,-248.42500000000004,728.4499999999998
134,-292.6,728.4499999999998
135,-336.77500000000003,728.4499999999998
136,-380.95000000000005,728.4499999999998
137,-425.12500000000006,728.4499999999998
138,-469.30000000000007,728.4499999999998
139,-513.475,728.4499999999998
140,-557.65,728.4499999999998
141,-601.8249999999999,728.4499999999998
142,-645.9999999999999,728.4499999999998
143,-690.1749999999998,728.4499999999998
144,-734.3499999999998,728.4499999999998
145,-778.5249999999997,728.4499999999998
146,-822.6999999999997,728.4499999999998
147,-866.8749999999998,728.4499999999998
148,955.2249999999997,642.7499999999998
149,911.0499999999996,642.7499999999998
150,866.8749999999997,642.7499999999998
151,822.6999999999997,642.7499999999998
152,778.5249999999997,642.7499999999998
153,734.3499999999998,642.7499999999998
154,690.1749999999998,642.7499999999998
155,645.9999999999999,642.7499999999998
156,601.8249999999999,642.7499999999998
157,557.65,642.7499999999998
158,513.475,642.7499999999998
159,469.30000000000007,642.7499999999998
160,425.12500000000006,642.7499999999998
161,380.95000000000005,642.7499999999998
162,336.77500000000003,642.7499999999998
163,292.6,642.7499999999998
164,248.42500000000004,642.7499999999998
165,204.25000000000003,642.7499999999998
166,160.07500000000002,642.7499999999998
167,115.9,642.7499999999998
168,71.72500000000001,642.7499999999998
169,27.550000000000004,642.7499999999998
170,-27.550000000000004,642.7499999999998
171,-71.72500000000001,642.7499999999998
172,-115.9,642.7499999999998
173,-160.07500000000002,642.7499999999998
174,-204.25000000000003,642.7499999999998
175,-248.42500000000004,642.7499999999998
176,-292.6,642.7499999999998
177,-336.77500000000003,642.7499999999998
178,-380.95000000000005,642.7499999999998
179,-425.12500000000006,642.7499999999998
180,-469.30000000000007,642.7499999999998
181,-513.475,642.7499999999998
182,-557.65,642.7499999999998
183,-601.8249999999999,642.7499999999998
184,-645.9999999999999,642.7499999999998
185,-690.1749999999998,642.7499999999998
186,-734.3499999999998,642.7499999999998
187,-778.5249999999997,642.7499999999998
188,-822.6999999999997,642.7499999999998
189,-866.8749999999997,642.7499999999998
190,-911.0499999999996,642.7499999999998
191,-955.2249999999997,642.7499999999998
192,999.3999999999996,557.0499999999997
193,955.2249999999996,557.0499999999997
194,911.0499999999996,557.0499999999997
195,866.8749999999997,557.0499999999997
196,822.6999999999997,557.0499999999997
197,778.5249999999997,557.0499999999997
198,734.3499999999998,557.0499999999997
199,690.1749999999998,557.0499999999997
200,645.9999999999999,557.0499999999997
201,601.8249999999999,557.0499999999997
202,557.65,557.0499999999997
203,513.475,557.0499999999997
204,469.30000000000007,557.0499999999997
205,425.12500000000006,557.0499999999997
206,380.95000000000005,557.0499999999997
207,336.77500000000003,557.0499999999997
208,292.6,557.0499999999997
209,248.42500000000004,557.0499999999997
210,204.25000000000003,557.0499999999997
211,160.07500000000002,557.0499999999997
212,115.9,557.0499999999997
213,71.72500000000001,557.0499999999997
214,27.550000000000004,557.0499999999997
215,-27.550000000000004,557.0499999999997
216,-71.72500000000001,557.0499999999997
217,-115.9,557.0499999999997
218,-160.07500000000002,557.0499999999997
219,-204.25000000000003,557.0499999999997
220,-248.42500000000004,557.0499999999997
221,-292.6,557.0499999999997
222,-336.77500000000003,557.0499999999997
223,-380.95000000000005,557.0499999999997
224,-425.12500000000006,557.0499999999997
225,-469.30000000000007,557.0499999999997
226,-513.475,557.0499999999997
227,-557.65,557.0499999999997
228,-601.8249999999999,557.0499999999997
229,-645.9999999999999,557.0499999999997
230,-690.1749999999998,557.0499999999997
231,-734.3499999999998,557.0499999999997
232,-778.5249999999997,557.0499999999997
233,-822.6999999999997,557.0499999999997
234,-866.8749999999997,557.0499999999997
235,-911.0499999999996,557.0499999999997
236,-955.2249999999996,557.0499999999997
237,-999.3999999999996,557.0499999999997
238,955.2249999999997,471.34999999999974
239,911.0499999999996,471.34999999999974
240,866.8749999999997,471.34999999999974
241,822.6999999999997,471.34999999999974
242,778.5249999999997,471.34999999999974
243,734.3499999999998,471.34999999999974
244,690.1749999999998,471.34999999999974
245,645.9999999999999,471.34999999999974
246,601.8249999999999,471.34999999999974
247,557.65,471.34999999999974
248,513.475,471.34999999999974
249,469.30000000000007,471.34999999999974
250,425.12500000000006,471.34999999999974
251,380.95000000000005,471.34999999999974
252,336.77500000000003,471.34999999999974
253,292.6,471.34999999999974
254,248.42500000000004,471.34999999999974
255,204.25000000000003,471.34999999999974
256,160.07500000000002,471.34999999999974
257,115.9,471.34999999999974
258,71.72500000000001,471.34999999999974
259,27.550000000000004,471.34999999999974
260,-27.550000000000004,471.34999999999974
261,-71.72500000000001,471.34999999999974
262,-115.9,471.34999999999974
263,-160.07500000000002,471.34999999999974
264,-204.25000000000003,471.34999999999974
265,-248.42500000000004,471.34999999999974
266,-292.6,471.34999999999974
267,-336.77500000000003,471.34999999999974
268,-380.95000000000005,471.34999999999974
269,-425.12500000000006,471.34999999999974
270,-469.30000000000007,471.34999999999974
271,-513.475,471.34999999999974
272,-557.65,471.34999999999974
273,-601.8249999999999,471.34999999999974
274,-645.9999999999999,471.34999999999974
275,-690.1749999999998,471.34999999999974
276,-734.3499999999998,471.34999999999974
277,-778.5249999999997,471.34999999999974
278,-822.6999999999997,471.34999999999974
279,-866.8749999999997,471.34999999999974
280,-911.0499999999996,471.34999999999974
281,-955.2249999999997,471.34999999999974
282,955.2249999999997,385.64999999999975
283,911.0499999999996,385.64999999999975
284,866.8749999999997,385.64999999999975
285,822.6999999999997,385.64999999999975
286,778.5249999999997,385.64999999999975
287,734.3499999999998,385.64999999999975
288,690.1749999999998,385.64999999999975
289,645.9999999999999,385.64999999999975
290,601.8249999999999,385.64999999999975
291,557.65,385.64999999999975
292,513.475,385.64999999999975
293,469.30000000000007,385.64999999999975
294,425.12500000000006,385.64999999999975
295,380.95000000000005,385.64999999999975
296,336.77500000000003,385.64999999999975
297,292.6,385.64999999999975
298,-292.6,385.64999999999975
299,-336.77500000000003,385.64999999999975
300,-380.95000000000005,385.64999999999975
301,-425.12500000000006,385.64999999999975
302,-469.30000000000007,385.64999999999975
303,-513.475,385.64999999999975
304,-557.65,385.64999999999975
305,-601.8249999999999,385.64999999999975
306,-645.9999999999999,385.64999999999975
307,-690.1749999999998,385.64999999999975
308,-734.3499999999998,385.64999999999975
309,-778.5249999999997,385.64999999999975
310,-822.6999999999997,385.64999999999975
311,-866.8749999999997,385.64999999999975
312,-911.0499999999996,385.64999999999975
313,-955.2249999999997,385.64999999999975
314,1087.7499999999995,299.94999999999976
315,1043.5749999999996,299.94999999999976
316,999.3999999999995,299.94999999999976
317,955.2249999999996,299.94999999999976
318,911.0499999999996,299.94999999999976
319,866.8749999999997,299.94999999999976
320,822.6999999999997,299.94999999999976
321,778.5249999999997,299.94999999999976
322,734.3499999999998,299.94999999999976
323,690.1749999999998,299.94999999999976
324,645.9999999999999,299.94999999999976
325,601.8249999999999,299.94999999999976
326,557.65,299.94999999999976
327,513.475,299.94999999999976
328,469.30000000000007,299.94999999999976
329,425.12500000000006,299.94999999999976
330,380.95000000000005,299.94999999999976
331,336.77500000000003,299.94999999999976
332,292.6,299.94999999999976
333,-292.6,299.94999999999976
334,-336.77500000000003,299.94999999999976
335,-380.95000000000005,299.94999999999976
336,-425.12500000000006,299.94999999999976
337,-469.30000000000007,299.94999999999976
338,-513.475,299.94999999999976
339,-557.65,299.94999999999976
340,-601.8249999999999,299.94999999999976
341,-645.9999999999999,299.94999999999976
342,-690.1749999999998,299.94999999999976
343,-734.3499999999998,299.94999999999976
344,-778.5249999999997,299.94999999999976
345,-822.6999999999997,299.94999999999976
346,-866.8749999999997,299.94999999999976
347,-911.0499999999996,299.94999999999976
348,-955.2249999999996,299.94999999999976
349,-999.3999999999995,299.94999999999976
350,-1043.5749999999996,299.94999999999976
351,-1087.7499999999995,299.94999999999976
352,1087.7499999999995,214.24999999999977
353,1043.5749999999996,214.24999999999977
354,999.3999999999995,214.24999999999977
355,955.2249999999996,214.24999999999977
356,911.0499999999996,214.24999999999977
357,866.8749999999997,214.24999999999977
358,822.6999999999997,214.24999999999977
359,778.5249999999997,214.24999999999977
360,734.3499999999998,214.24999999999977
361,690.1749999999998,214.24999999999977
362,645.9999999999999,214.24999999999977
363,601.8249999999999,214.24999999999977
364,557.65,214.24999999999977
365,513.475,214.24999999999977
366,469.30000000000007,214.24999999999977
367,425.12500000000006,214.24999999999977
368,380.95000000000005,214.24999999999977
369,336.77500000000003,214.24999999999977
370,-336.77500000000003,214.24999999999977
371,-380.95000000000005,214.24999999999977
372,-425.12500000000006,214.24999999999977
373,-469.30000000000007,214.24999999999977
374,-513.475,214.24999999999977
375,-557.65,214.24999999999977
376,-601.8249999999999,214.24999999999977
377,-645.9999999999999,214.24999999999977
378,-690.1749999999998,214.24999999999977
379,-734.3499999999998,214.24999999999977
380,-778.5249999999997,214.24999999999977
381,-822.6999999999997,214.24999999999977
382,-866.8749999999997,214.24999999999977
383,-911.0499999999996,214.24999999999977
384,-955.2249999999996,214.24999999999977
385,-999.3999999999995,214.24999999999977
386,-1043.5749999999996,214.24999999999977
387,-1087.7499999999995,214.24999999999977
388,1087.7499999999995,128.54999999999978
389,1043.5749999999996,128.54999999999978
390,999.3999999999995,128.54999999999978
391,955.2249999999996,128.54999999999978
392,911.0499999999996,128.54999999999978
393,866.8749999999997,128.54999999999978
394,822.6999999999997,128.54999999999978
395,778.5249999999997,128.54999999999978
396,734.3499999999998,128.54999999999978
397,690.1749999999998,128.54999999999978
398,645.9999999999999,128.54999999999978
399,601.8249999999999,128.54999999999978
400,557.65,128.54999999999978
401,513.475,128.54999999999978
402,469.30000000000007,128.54999999999978
403,425.12500000000006,128.54999999999978
404,380.95000000000005,128.54999999999978
405,-380.95000000000005,128.54999999999978
406,-425.12500000000006,128.54999999999978
407,-469.30000000000007,128.54999999999978
408,-513.475,128.54999999999978
409,-557.65,128.54999999999978
410,-601.8249999999999,128.54999999999978
411,-645.9999999999999,128.54999999999978
412,-690.1749999999998,128.54999999999978
413,-734.3499999999998,128.54999999999978
414,-778.5249999999997,128.54999999999978
415,-822.6999999999997,128.54999999999978
416,-866.8749999999997,128.54999999999978
417,-911.0499999999996,128.54999999999978
418,-955.2249999999996,128.54999999999978
419,-999.3999999999995,128.54999999999978
420,-1043.5749999999996,128.54999999999978
421,-1087.7499999999995,128.54999999999978
422,1087.7499999999995,42.84999999999978
423,1043.5749999999996,42.84999999999978
424,999.3999999999995,42.84999999999978
425,955.2249999999996,42.84999999999978
426,911.0499999999996,42.84999999999978
427,866.8749999999997,42.84999999999978
428,822.6999999999997,42.84999999999978
429,778.5249999999997,42.84999999999978
430,734.3499999999998,42.84999999999978
431,690.1749999999998,42.84999999999978
432,645.9999999999999,42.84999999999978
433,601.8249999999999,42.84999999999978
434,557.65,42.84999999999978
435,513.475,42.84999999999978
436,469.30000000000007,42.84999999999978
437,-469.30000000000007,42.84999999999978
438,-513.475,42.84999999999978
439,-557.65,42.84999999999978
440,-601.8249999999999,42.84999999999978
441,-645.9999999999999,42.84999999999978
442,-690.1749999999998,42.84999999999978
443,-734.3499999999998,42.84999999999978
444,-778.5249999999997,42.84999999999978
445,-822.6999999999997,42.84999999999978
446,-866.8749999999997,42.84999999999978
447,-911.0499999999996,42.84999999999978
448,-955.2249999999996,42.84999999999978
449,-999.3999999999995,42.84999999999978
450,-1043.5749999999996,42.84999999999978
451,-1087.7499999999995,42.84999999999978
452,1087.7499999999995,-42.85000000000022
453,1043.5749999999996,-42.85000000000022
454,999.3999999999995,-42.85000000000022
455,955.2249999999996,-42.85000000000022
456,911.0499999999996,-42.85000000000022
457,866.8749999999997,-42.85000000000022
458,822.6999999999997,-42.85000000000022
459,778.5249999999997,-42.85000000000022
460,734.3499999999998,-42.85000000000022
461,690.1749999999998,-42.85000000000022
462,645.9999999999999,-42.85000000000022
463,601.8249999999999,-42.85000000000022
464,557.65,-42.85000000000022
465,513.475,-42.85000000000022
466,469.30000000000007,-42.85000000000022
467,-469.30000000000007,-42.85000000000022
468,-513.475,-42.85000000000022
469,-557.65,-42.85000000000022
470,-601.8249999999999,-42.85000000000022
471,-645.9999999999999,-42.85000000000022
472,-690.1749999999998,-42.85000000000022
473,-734.3499999999998,-42.85000000000022
474,-778.5249999999997,-42.85000000000022
475,-822.6999999999997,-42.85000000000022
476,-866.8749999999997,-42.85000000000022
477,-911.0499999999996,-42.85000000000022
478,-955.2249999999996,-42.85000000000022
479,-999.3999999999995,-42.85000000000022
480,-1043.5749999999996,-42.85000000000022
481,-1087.7499999999995,-42.85000000000022
482,1087.7499999999995,-128.55000000000024
483,1043.5749999999996,-128.55000000000024
484,999.3999999999995,-128.55000000000024
485,955.2249999999996,-128.55000000000024
486,911.0499999999996,-128.55000000000024
487,866.8749999999997,-128.55000000000024
488,822.6999999999997,-128.55000000000024
489,778.5249999999997,-128.55000000000024
490,734.3499999999998,-128.55000000000024
491,690.1749999999998,-128.55000000000024
492,645.9999999999999,-128.55000000000024
493,601.8249999999999,-128.55000000000024
494,557.65,-128.55000000000024
495,513.475,-128.55000000000024
496,469.30000000000007,-128.55000000000024
497,425.12500000000006,-128.55000000000024
498,380.95000000000005,-128.55000000000024
499,-380.95000000000005,-128.55000000000024
500,-425.12500000000006,-128.55000000000024
501,-469.30000000000007,-128.55000000000024
502,-513.475,-128.55000000000024
503,-557.65,-128.55000000000024
504,-601.8249999999999,-128.55000000000024
505,-645.9999999999999,-128.55000000000024
506,-690.1749999999998,-128.55000000000024
507,-734.3499999999998,-128.55000000000024
508,-778.5249999999997,-128.55000000000024
509,-822.6999999999997,-128.55000000000024
510,-866.8749999999997,-128.55000000000024
511,-911.0499999999996,-128.55000000000024
512,-955.2249999999996,-128.55000000000024
513,-999.3999999999995,-128.55000000000024
514,-1043.5749999999996,-128.55000000000024
515,-1087.7499999999995,-128.55000000000024
516,1087.7499999999995,-214.25000000000023
517,1043.5749999999996,-214.25000000000023
518,999.3999999999995,-214.25000000000023
519,955.2249999999996,-214.25000000000023
520,911.0499999999996,-214.25000000000023
521,866.8749999999997,-214.25000000000023
522,822.6999999999997,-214.25000000000023
523,778.5249999999997,-214.25000000000023
524,734.3499999999998,-214.25000000000023
525,690.1749999999998,-214.25000000000023
526,645.9999999999999,-214.25000000000023
527,601.8249999999999,-214.25000000000023
528,557.65,-214.25000000000023
529,513.475,-214.25000000000023
530,469.30000000000007,-214.25000000000023
531,425.12500000000006,-214.25000000000023
532,380.95000000000005,-214.25000000000023
533,336.77500000000003,-214.25000000000023
534,-336.77500000000003,-214.25000000000023
535,-380.95000000000005,-214.25000000000023
536,-425.12500000000006,-214.25000000000023
537,-469.30000000000007,-214.25000000000023
538,-513.475,-214.25000000000023
539,-557.65,-214.25000000000023
540,-601.8249999999999,-214.25000000000023
541,-645.9999999999999,-214.25000000000023
542,-690.1749999999998,-214.25000000000023
543,-734.3499999999998,-214.25000000000023
544,-778.5249999999997,-214.25000000000023
545,-822.6999999999997,-214.25000000000023
546,-866.8749999999997,-214.25000000000023
547,-911.0499999999996,-214.25000000000023
548,-955.2249999999996,-214.25000000000023
549,-999.3999999999995,-214.25000000000023
550,-1043.5749999999996,-214.25000000000023
551,-1087.7499999999995,-214.25000000000023
552,1087.7499999999995,-299.9500000000002
553,1043.5749999999996,-299.9500000000002
554,999.3999999999995,-299.9500000000002
555,955.2249999999996,-299.9500000000002
556,911.0499999999996,-299.9500000000002
557,866.8749999999997,-299.9500000000002
558,822.6999999999997,-299.9500000000002
559,778.5249999999997,-299.9500000000002
560,734.3499999999998,-299.9500000000002
561,690.1749999999998,-299.9500000000002
562,645.9999999999999,-299.9500000000002
563,601.8249999999999,-299.9500000000002
564,557.65,-299.9500000000002
565,513.475,-299.9500000000002
566,469.30000000000007,-299.9500000000002
567,425.12500000000006,-299.9500000000002
568,380.95000000000005,-299.9500000000002
569,336.77500000000003,-299.9500000000002
570,292.6,-299.9500000000002
571,-292.6,-299.9500000000002
572,-336.77500000000003,-299.9500000000002
573,-380.95000000000005,-299.9500000000002
574,-425.12500000000006,-299.9500000000002
575,-469.30000000000007,-299.9500000000002
576,-513.475,-299.9500000000002
577,-557.65,-299.9500000000002
578,-601.8249999999999,-299.9500000000002
579,-645.9999999999999,-299.9500000000002
580,-690.1749999999998,-299.9500000000002
581,-734.3499999999998,-299.9500000000002
582,-778.5249999999997,-299.9500000000002
583,-822.6999999999997,-299.9500000000002
584,-866.8749999999997,-299.9500000000002
585,-911.0499999999996,-299.9500000000002
586,-955.2249999999996,-299.9500000000002
587,-999.3999999999995,-299.9500000000002
588,-1043.5749999999996,-299.9500000000002
589,-1087.7499999999995,-299.9500000000002
590,955.2249999999997,-385.6500000000002
591,911.0499999999996,-385.6500000000002
592,866.8749999999997,-385.6500000000002
593,822.6999999999997,-385.6500000000002
594,778.5249999999997,-385.6500000000002
595,734.3499999999998,-385.6500000000002
596,690.1749999999998,-385.6500000000002
597,645.9999999999999,-385.6500000000002
598,601.8249999999999,-385.6500000000002
599,557.65,-385.6500000000002
600,513.475,-385.6500000000002
601,469.30000000000007,-385.6500000000002
602,425.12500000000006,-385.6500000000002
603,380.95000000000005,-385.6500000000002
604,336.77500000000003,-385.6500000000002
605,292.6,-385.6500000000002
606,248.42500000000004,-385.6500000000002
607,115.9,-385.6500000000002
608,71.72500000000001,-385.6500000000002
609,27.550000000000004,-385.6500000000002
610,-27.550000000000004,-385.6500000000002
611,-71.72500000000001,-385.6500000000002
612,-115.9,-385.6500000000002
613,-248.42500000000004,-385.6500000000002
614,-292.6,-385.6500000000002
615,-336.77500000000003,-385.6500000000002
616,-380.95000000000005,-385.6500000000002
617,-425.12500000000006,-385.6500000000002
618,-469.30000000000007,-385.6500000000002
619,-513.475,-385.6500000000002
620,-557.65,-385.6500000000002
621,-601.8249999999999,-385.6500000000002
622,-645.9999999999999,-385.6500000000002
623,-690.1749999999998,-385.6500000000002
624,-734.3499999999998,-385.6500000000002
625,-778.5249999999997,-385.6500000000002
626,-822.6999999999997,-385.6500000000002
627,-866.8749999999997,-385.6500000000002
628,-911.0499999999996,-385.6500000000002
629,-955.2249999999997,-385.6500000000002
630,999.3999999999996,-471.3500000000002
631,955.2249999999996,-471.3500000000002
632,911.0499999999996,-471.3500000000002
633,866.8749999999997,-471.3500000000002
634,822.6999999999997,-471.3500000000002
635,778.5249999999997,-471.3500000000002
636,734.3499999999998,-471.3500000000002
637,690.1749999999998,-471.3500000000002
638,645.9999999999999,-471.3500000000002
639,601.8249999999999,-471.3500000000002
640,557.65,-471.3500000000002
641,513.475,-471.3500000000002
642,469.30000000000007,-471.3500000000002
643,425.12500000000006,-471.3500000000002
644,380.95000000000005,-471.3500000000002
645,336.77500000000003,-471.3500000000002
646,292.6,-471.3500000000002
647,248.42500000000004,-471.3500000000002
648,204.25000000000003,-471.3500000000002
649,160.07500000000002,-471.3500000000002
650,115.9,-471.3500000000002
651,71.72500000000001,-471.3500000000002
652,27.550000000000004,-471.3500000000002
653,-27.550000000000004,-471.3500000000002
654,-71.72500000000001,-471.3500000000002
655,-115.9,-471.3500000000002
656,-160.07500000000002,-471.3500000000002
657,-204.25000000000003,-471.3500000000002
658,-248.42500000000004,-471.3500000000002
659,-292.6,-471.3500000000002
660,-336.77500000000003,-471.3500000000002
661,-380.95000000000005,-471.3500000000002
662,-425.12500000000006,-471.3500000000002
663,-469.30000000000007,-471.3500000000002
664,-513.475,-471.3500000000002
665,-557.65,-471.3500000000002
666,-601.8249999999999,-471.3500000000002
667,-645.9999999999999,-471.3500000000002
668,-690.1749999999998,-471.3500000000002
669,-734.3499999999998,-471.3500000000002
670,-778.5249999999997,-471.3500000000002
671,-822.6999999999997,-471.3500000000002
672,-866.8749999999997,-471.3500000000002
673,-911.0499999999996,-471.3500000000002
674,-955.2249999999996,-471.3500000000002
675,-999.3999999999996,-471.3500000000002
676,999.3999999999996,-557.0500000000002
677,955.2249999999996,-557.0500000000002
678,911.0499999999996,-557.0500000000002
679,866.8749999999997,-557.0500000000002
680,822.6999999999997,-557.0500000000002
681,778.5249999999997,-557.0500000000002
682,734.3499999999998,-557.0500000000002
683,690.1749999999998,-557.0500000000002
684,645.9999999999999,-557.0500000000002
685,601.8249999999999,-557.0500000000002
686,557.65,-557.0500000000002
687,513.475,-557.0500000000002
688,469.30000000000007,-557.0500000000002
689,425.12500000000006,-557.0500000000002
690,380.95000000000005,-557.0500000000002
691,336.77500000000003,-557.0500000000002
692,292.6,-557.0500000000002
693,248.42500000000004,-557.0500000000002
694,204.25000000000003,-557.0500000000002
695,160.07500000000002,-557.0500000000002
696,115.9,-557.0500000000002
697,71.72500000000001,-557.0500000000002
698,27.550000000000004,-557.0500000000002
699,-27.550000000000004,-557.0500000000002
700,-71.72500000000001,-557.0500000000002
701,-115.9,-557.0500000000002
702,-160.07500000000002,-557.0500000000002
703,-204.25000000000003,-557.0500000000002
704,-248.42500000000004,-557.0500000000002
705,-292.6,-557.0500000000002
706,-336.77500000000003,-557.0500000000002
707,-380.95000000000005,-557.0500000000002
708,-425.12500000000006,-557.0500000000002
709,-469.30000000000007,-557.0500000000002
710,-513.475,-557.0500000000002
711,-557.65,-557.0500000000002
712,-601.8249999999999,-557.0500000000002
713,-645.9999999999999,-557.0500000000002
714,-690.1749999999998,-557.0500000000002
715,-734.3499999999998,-557.0500000000002
716,-778.5249999999997,-557.0500000000002
717,-822.6999999999997,-557.0500000000002
718,-866.8749999999997,-557.0500000000002
719,-911.0499999999996,-557.0500000000002
720,-955.2249999999996,-557.0500000000002
721,-999.3999999999996,-557.0500000000002
722,911.0499999999997,-642.7500000000002
723,866.8749999999997,-642.7500000000002
724,822.6999999999997,-642.7500000000002
725,778.5249999999997,-642.7500000000002
726,734.3499999999998,-642.7500000000002
727,690.1749999999998,-642.7500000000002
728,645.9999999999999,-642.7500000000002
729,601.8249999999999,-642.7500000000002
730,557.65,-642.7500000000002
731,513.475,-642.7500000000002
732,469.30000000000007,-642.7500000000002
733,425.12500000000006,-642.7500000000002
734,380.95000000000005,-642.7500000000002
735,336.77500000000003,-642.7500000000002
736,292.6,-642.7500000000002
737,248.42500000000004,-642.7500000000002
738,204.25000000000003,-642.7500000000002
739,160.07500000000002,-642.7500000000002
740,115.9,-642.7500000000002
741,71.72500000000001,-642.7500000000002
742,27.550000000000004,-642.7500000000002
743,-27.550000000000004,-642.7500000000002
744,-71.72500000000001,-642.7500000000002
745,-115.9,-642.7500000000002
746,-160.07500000000002,-642.7500000000002
747,-204.25000000000003,-642.7500000000002
748,-248.42500000000004,-642.7500000000002
749,-292.6,-642.7500000000002
750,-336.77500000000003,-642.7500000000002
751,-380.95000000000005,-642.7500000000002
752,-425.12500000000006,-642.7500000000002
753,-469.30000000000007,-642.7500000000002
754,-513.475,-642.7500000000002
755,-557.65,-642.7500000000002
756,-601.8249999999999,-642.7500000000002
757,-645.9999999999999,-642.7500000000002
758,-690.1749999999998,-642.7500000000002
759,-734.3499999999998,-642.7500000000002
760,-778.5249999999997,-642.7500000000002
761,-822.6999999999997,-642.7500000000002
762,-866.8749999999997,-642.7500000000002
763,-911.0499999999997,-642.7500000000002
764,866.8749999999998,-728.4500000000003
765,822.6999999999997,-728.4500000000003
766,778.5249999999997,-728.4500000000003
767,734.3499999999998,-728.4500000000003
768,690.1749999999998,-728.4500000000003
769,645.9999999999999,-728.4500000000003
770,601.8249999999999,-728.4500000000003
771,557.65,-728.4500000000003
772,513.475,-728.4500000000003
773,469.30000000000007,-728.4500000000003
774,425.12500000000006,-728.4500000000003
775,380.95000000000005,-728.4500000000003
776,336.77500000000003,-728.4500000000003
777,292.6,-728.4500000000003
778,248.42500000000004,-728.4500000000003
779,204.25000000000003,-728.4500000000003
780,160.07500000000002,-728.4500000000003
781,115.9,-728.4500000000003
782,71.72500000000001,-728.4500000000003
783,27.550000000000004,-728.4500000000003
784,-27.550000000000004,-728.4500000000003
785,-71.72500000000001,-728.4500000000003
786,-115.9,-728.4500000000003
787,-160.07500000000002,-728.4500000000003
788,-204.25000000000003,-728.4500000000003
789,-248.42500000000004,-728.4500000000003
790,-292.6,-728.4500000000003
791,-336.77500000000003,-728.4500000000003
792,-380.95000000000005,-728.4500000000003
793,-425.12500000000006,-728.4500000000003
794,-469.30000000000007,-728.4500000000003
795,-513.475,-728.4500000000003
796,-557.65,-728.4500000000003
797,-601.8249999999999,-728.4500000000003
798,-645.9999999999999,-728.4500000000003
799,-690.1749999999998,-728.4500000000003
800,-734.3499999999998,-728.4500000000003
801,-778.5249999999997,-728.4500000000003
802,-822.6999999999997,-728.4500000000003
803,-866.8749999999998,-728.4500000000003
804,778.5249999999999,-814.1500000000003
805,734.3499999999998,-814.1500000000003
806,690.1749999999998,-814.1500000000003
807,645.9999999999999,-814.1500000000003
808,601.8249999999999,-814.1500000000003
809,557.65,-814.1500000000003
810,513.475,-814.1500000000003
811,469.30000000000007,-814.1500000000003
812,425.12500000000006,-814.1500000000003
813,380.95000000000005,-814.1500000000003
814,336.77500000000003,-814.1500000000003
815,292.6,-814.1500000000003
816,248.42500000000004,-814.1500000000003
817,204.25000000000003,-814.1500000000003
818,160.07500000000002,-814.1500000000003
819,115.9,-814.1500000000003
820,71.72500000000001,-814.1500000000003
821,27.550000000000004,-814.1500000000003
822,-27.550000000000004,-814.1500000000003
823,-71.72500000000001,-814.1500000000003
824,-115.9,-814.1500000000003
825,-160.07500000000002,-814.1500000000003
826,-204.25000000000003,-814.1500000000003
827,-248.42500000000004,-814.1500000000003
828,-292.6,-814.1500000000003
829,-336.77500000000003,-814.1500000000003
830,-380.95000000000005,-814.1500000000003
831,-425.12500000000006,-814.1500000000003
832,-469.30000000000007,-814.1500000000003
833,-513.475,-814.1500000000003
834,-557.65,-814.1500000000003
835,-601.8249999999999,-814.1500000000003
836,-645.9999999999999,-814.1500000000003
837,-690.1749999999998,-814.1500000000003
838,-734.3499999999998,-814.1500000000003
839,-778.5249999999999,-814.1500000000003
840,690.175,-899.8500000000004
841,645.9999999999999,-899.8500000000004
842,601.8249999999999,-899.8500000000004
843,557.65,-899.8500000000004
844,513.475,-899.8500000000004
845,469.30000000000007,-899.8500000000004
846,425.12500000000006,-899.8500000000004
847,380.95000000000005,-899.8500000000004
848,336.77500000000003,-899.8500000000004
849,292.6,-899.8500000000004
850,248.42500000000004,-899.8500000000004
851,204.25000000000003,-899.8500000000004
852,160.07500000000002,-899.8500000000004
853,115.9,-899.8500000000004
854,71.72500000000001,-899.8500000000004
855,27.550000000000004,-899.8500000000004
856,-27.550000000000004,-899.8500000000004
857,-71.72500000000001,-899.8500000000004
858,-115.9,-899.8500000000004
859,-160.07500000000002,-899.8500000000004
860,-204.25000000000003,-899.8500000000004
861,-248.42500000000004,-899.8500000000004
862,-292.6,-899.8500000000004
863,-336.77500000000003,-899.8500000000004
864,-380.95000000000005,-899.8500000000004
865,-425.12500000000006,-899.8500000000004
866,-469.30000000000007,-899.8500000000004
867,-513.475,-899.8500000000004
868,-557.65,-899.8500000000004
869,-601.8249999999999,-899.8500000000004
870,-645.9999999999999,-899.8500000000004
871,-690.175,-899.8500000000004
872,513.4750000000001,-985.5500000000004
873,469.30000000000007,-985.5500000000004
874,425.12500000000006,-985.5500000000004
875,380.95000000000005,-985.5500000000004
876,336.77500000000003,-985.5500000000004
877,292.6,-985.5500000000004
878,248.42500000000004,-985.5500000000004
879,204.25000000000003,-985.5500000000004
880,160.07500000000002,-985.5500000000004
881,115.9,-985.5500000000004
882,71.72500000000001,-985.5500000000004
883,27.550000000000004,-985.5500000000004
884,-27.550000000000004,-985.5500000000004
885,-71.72500000000001,-985.5500000000004
886,-115.9,-985.5500000000004
887,-160.07500000000002,-985.5500000000004
888,-204.25000000000003,-985.5500000000004
889,-248.42500000000004,-985.5500000000004
890,-292.6,-985.5500000000004
891,-336.77500000000003,-985.5500000000004
892,-380.95000000000005,-985.5500000000004
893,-425.12500000000006,-985.5500000000004
894,-469.30000000000007,-985.5500000000004
895,-513.4750000000001,-985.5500000000004
896,248.425,-1071.2500000000005
897,204.25000000000003,-1071.2500000000005
898,160.07500000000002,-1071.2500000000005
899,-160.07500000000002,-1071.2500000000005
900,-204.25000000000003,-1071.2500000000005
901,-248.425,-1071.2500000000005
