,X,Y
0,-118.20000000000003,1114.1
1,-162.95000000000005,1114.1
2,-207.70000000000005,1114.1
3,-252.45000000000005,1114.1
4,-28.70000000000003,1028.3999999999999
5,28.70000000000003,1028.3999999999999
6,-73.45000000000003,1028.3999999999999
7,73.45000000000003,1028.3999999999999
8,-118.20000000000003,1028.3999999999999
9,118.20000000000003,1028.3999999999999
10,-162.95000000000005,1028.3999999999999
11,162.95000000000005,1028.3999999999999
12,-207.70000000000005,1028.3999999999999
13,207.70000000000005,1028.3999999999999
14,-252.45000000000005,1028.3999999999999
15,252.45000000000005,1028.3999999999999
16,-297.20000000000005,1028.3999999999999
17,297.20000000000005,1028.3999999999999
18,-341.95000000000005,1028.3999999999999
19,341.95000000000005,1028.3999999999999
20,-386.70000000000005,1028.3999999999999
21,386.70000000000005,1028.3999999999999
22,-431.45000000000005,1028.3999999999999
23,431.45000000000005,1028.3999999999999
24,-476.20000000000005,1028.3999999999999
25,476.20000000000005,1028.3999999999999
26,-28.70000000000003,942.6999999999998
27,28.70000000000003,942.6999999999998
28,-73.45000000000003,942.6999999999998
29,73.45000000000003,942.6999999999998
30,-118.20000000000003,942.6999999999998
31,118.20000000000003,942.6999999999998
32,-162.95000000000005,942.6999999999998
33,162.95000000000005,942.6999999999998
34,-207.70000000000005,942.6999999999998
35,207.70000000000005,942.6999999999998
36,-252.45000000000005,942.6999999999998
37,252.45000000000005,942.6999999999998
38,-297.20000000000005,942.6999999999998
39,297.20000000000005,942.6999999999998
40,-341.95000000000005,942.6999999999998
41,341.95000000000005,942.6999999999998
42,-386.70000000000005,942.6999999999998
43,386.70000000000005,942.6999999999998
44,-431.45000000000005,942.6999999999998
45,431.45000000000005,942.6999999999998
46,-476.20000000000005,942.6999999999998
47,476.20000000000005,942.6999999999998
48,-520.95,942.6999999999998
49,520.95,942.6999999999998
50,-565.7,942.6999999999998
51,565.7,942.6999999999998
52,-610.45,942.6999999999998
53,610.45,942.6999999999998
54,-655.2,942.6999999999998
55,655.2,942.6999999999998
56,-28.70000000000003,856.9999999999998
57,28.70000000000003,856.9999999999998
58,-73.45000000000003,856.9999999999998
59,73.45000000000003,856.9999999999998
60,-118.20000000000003,856.9999999999998
61,118.20000000000003,856.9999999999998
62,-162.95000000000005,856.9999999999998
63,162.95000000000005,856.9999999999998
64,-207.70000000000005,856.9999999999998
65,207.70000000000005,856.9999999999998
66,-252.45000000000005,856.9999999999998
67,252.45000000000005,856.9999999999998
68,-297.20000000000005,856.9999999999998
69,297.20000000000005,856.9999999999998
70,-341.95000000000005,856.9999999999998
71,341.95000000000005,856.9999999999998
72,-386.70000000000005,856.9999999999998
73,386.70000000000005,856.9999999999998
74,-431.45000000000005,856.9999999999998
75,431.45000000000005,856.9999999999998
76,-476.20000000000005,856.9999999999998
77,476.20000000000005,856.9999999999998
78,-520.95,856.9999999999998
79,520.95,856.9999999999998
80,-565.7,856.9999999999998
81,565.7,856.9999999999998
82,-610.45,856.9999999999998
83,610.45,856.9999999999998
84,-655.2,856.9999999999998
85,655.2,856.9999999999998
86,-699.95,856.9999999999998
87,699.95,856.9999999999998
88,-744.7,856.9999999999998
89,744.7,856.9999999999998
90,-28.70000000000003,771.2999999999997
91,28.70000000000003,771.2999999999997
92,-73.45000000000003,771.2999999999997
93,73.45000000000003,771.2999999999997
94,-118.20000000000003,771.2999999999997
95,118.20000000000003,771.2999999999997
96,-162.95000000000005,771.2999999999997
97,162.95000000000005,771.2999999999997
98,-207.70000000000005,771.2999999999997
99,207.70000000000005,771.2999999999997
100,-252.45000000000005,771.2999999999997
101,252.45000000000005,771.2999999999997
102,-297.20000000000005,771.2999999999997
103,297.20000000000005,771.2999999999997
104,-341.95000000000005,771.2999999999997
105,341.95000000000005,771.2999999999997
106,-386.70000000000005,771.2999999999997
107,386.70000000000005,771.2999999999997
108,-431.45000000000005,771.2999999999997
109,431.45000000000005,771.2999999999997
110,-476.20000000000005,771.2999999999997
111,476.20000000000005,771.2999999999997
112,-520.95,771.2999999999997
113,520.95,771.2999999999997
114,-565.7,771.2999999999997
115,565.7,771.2999999999997
116,-610.45,771.2999999999997
117,610.45,771.2999999999997
118,-655.2,771.2999999999997
119,655.2,771.2999999999997
120,-699.95,771.2999999999997
121,699.95,771.2999999999997
122,-744.7,771.2999999999997
123,744.7,771.2999999999997
124,-789.45,771.2999999999997
125,789.45,771.2999999999997
126,-834.2,771.2999999999997
127,834.2,771.2999999999997
128,-28.70000000000003,685.5999999999997
129,28.70000000000003,685.5999999999997
130,-73.45000000000003,685.5999999999997
131,73.45000000000003,685.5999999999997
132,-118.20000000000003,685.5999999999997
133,118.20000000000003,685.5999999999997
134,-162.95000000000005,685.5999999999997
135,162.95000000000005,685.5999999999997
136,-207.70000000000005,685.5999999999997
137,207.70000000000005,685.5999999999997
138,-252.45000000000005,685.5999999999997
139,252.45000000000005,685.5999999999997
140,-297.20000000000005,685.5999999999997
141,297.20000000000005,685.5999999999997
142,-341.95000000000005,685.5999999999997
143,341.95000000000005,685.5999999999997
144,-386.70000000000005,685.5999999999997
145,386.70000000000005,685.5999999999997
146,-431.45000000000005,685.5999999999997
147,431.45000000000005,685.5999999999997
148,-476.20000000000005,685.5999999999997
149,476.20000000000005,685.5999999999997
150,-520.95,685.5999999999997
151,520.95,685.5999999999997
152,-565.7,685.5999999999997
153,565.7,685.5999999999997
154,-610.45,685.5999999999997
155,610.45,685.5999999999997
156,-655.2,685.5999999999997
157,655.2,685.5999999999997
158,-699.95,685.5999999999997
159,699.95,685.5999999999997
160,-744.7,685.5999999999997
161,744.7,685.5999999999997
162,-789.45,685.5999999999997
163,789.45,685.5999999999997
164,-834.2,685.5999999999997
165,834.2,685.5999999999997
166,-878.95,685.5999999999997
167,878.95,685.5999999999997
168,-923.7,685.5999999999997
169,923.7,685.5999999999997
170,-28.70000000000003,599.8999999999996
171,28.70000000000003,599.8999999999996
172,-73.45000000000003,599.8999999999996
173,73.45000000000003,599.8999999999996
174,-118.20000000000003,599.8999999999996
175,118.20000000000003,599.8999999999996
176,-162.95000000000005,599.8999999999996
177,162.95000000000005,599.8999999999996
178,-207.70000000000005,599.8999999999996
179,207.70000000000005,599.8999999999996
180,-252.45000000000005,599.8999999999996
181,252.45000000000005,599.8999999999996
182,-297.20000000000005,599.8999999999996
183,297.20000000000005,599.8999999999996
184,-341.95000000000005,599.8999999999996
185,341.95000000000005,599.8999999999996
186,-386.70000000000005,599.8999999999996
187,386.70000000000005,599.8999999999996
188,-431.45000000000005,599.8999999999996
189,431.45000000000005,599.8999999999996
190,-476.20000000000005,599.8999999999996
191,476.20000000000005,599.8999999999996
192,-520.95,599.8999999999996
193,520.95,599.8999999999996
194,-565.7,599.8999999999996
195,565.7,599.8999999999996
196,-610.45,599.8999999999996
197,610.45,599.8999999999996
198,-655.2,599.8999999999996
199,655.2,599.8999999999996
200,-699.95,599.8999999999996
201,699.95,599.8999999999996
202,-744.7,599.8999999999996
203,744.7,599.8999999999996
204,-789.45,599.8999999999996
205,789.45,599.8999999999996
206,-834.2,599.8999999999996
207,834.2,599.8999999999996
208,-878.95,599.8999999999996
209,878.95,599.8999999999996
210,-923.7,599.8999999999996
211,923.7,599.8999999999996
212,-968.45,599.8999999999996
213,968.45,599.8999999999996
214,-28.70000000000003,514.1999999999996
215,28.70000000000003,514.1999999999996
216,-73.45000000000003,514.1999999999996
217,73.45000000000003,514.1999999999996
218,-118.20000000000003,514.1999999999996
219,118.20000000000003,514.1999999999996
220,-162.95000000000005,514.1999999999996
221,162.95000000000005,514.1999999999996
222,-207.70000000000005,514.1999999999996
223,207.70000000000005,514.1999999999996
224,-252.45000000000005,514.1999999999996
225,252.45000000000005,514.1999999999996
226,-297.20000000000005,514.1999999999996
227,297.20000000000005,514.1999999999996
228,-341.95000000000005,514.1999999999996
229,341.95000000000005,514.1999999999996
230,-386.70000000000005,514.1999999999996
231,386.70000000000005,514.1999999999996
232,-431.45000000000005,514.1999999999996
233,431.45000000000005,514.1999999999996
234,-476.20000000000005,514.1999999999996
235,476.20000000000005,514.1999999999996
236,-520.95,514.1999999999996
237,520.95,514.1999999999996
238,-565.7,514.1999999999996
239,565.7,514.1999999999996
240,-610.45,514.1999999999996
241,610.45,514.1999999999996
242,-655.2,514.1999999999996
243,655.2,514.1999999999996
244,-699.95,514.1999999999996
245,699.95,514.1999999999996
246,-744.7,514.1999999999996
247,744.7,514.1999999999996
248,-789.45,514.1999999999996
249,789.45,514.1999999999996
250,-834.2,514.1999999999996
251,834.2,514.1999999999996
252,-878.95,514.1999999999996
253,878.95,514.1999999999996
254,-923.7,514.1999999999996
255,923.7,514.1999999999996
256,-968.45,514.1999999999996
257,968.45,514.1999999999996
258,-1013.2,514.1999999999996
259,1013.2,514.1999999999996
260,-28.70000000000003,428.4999999999996
261,28.70000000000003,428.4999999999996
262,-73.45000000000003,428.4999999999996
263,73.45000000000003,428.4999999999996
264,-118.20000000000003,428.4999999999996
265,118.20000000000003,428.4999999999996
266,-162.95000000000005,428.4999999999996
267,162.95000000000005,428.4999999999996
268,-207.70000000000005,428.4999999999996
269,207.70000000000005,428.4999999999996
270,-252.45000000000005,428.4999999999996
271,252.45000000000005,428.4999999999996
272,-297.20000000000005,428.4999999999996
273,297.20000000000005,428.4999999999996
274,-341.95000000000005,428.4999999999996
275,341.95000000000005,428.4999999999996
276,-386.70000000000005,428.4999999999996
277,386.70000000000005,428.4999999999996
278,-431.45000000000005,428.4999999999996
279,431.45000000000005,428.4999999999996
280,-476.20000000000005,428.4999999999996
281,476.20000000000005,428.4999999999996
282,-520.95,428.4999999999996
283,520.95,428.4999999999996
284,-565.7,428.4999999999996
285,565.7,428.4999999999996
286,-610.45,428.4999999999996
287,610.45,428.4999999999996
288,-655.2,428.4999999999996
289,655.2,428.4999999999996
290,-699.95,428.4999999999996
291,699.95,428.4999999999996
292,-744.7,428.4999999999996
293,744.7,428.4999999999996
294,-789.45,428.4999999999996
295,789.45,428.4999999999996
296,-834.2,428.4999999999996
297,834.2,428.4999999999996
298,-878.95,428.4999999999996
299,878.95,428.4999999999996
300,-923.7,428.4999999999996
301,923.7,428.4999999999996
302,-968.45,428.4999999999996
303,968.45,428.4999999999996
304,-297.20000000000005,342.7999999999996
305,297.20000000000005,342.7999999999996
306,-341.95000000000005,342.7999999999996
307,341.95000000000005,342.7999999999996
308,-386.70000000000005,342.7999999999996
309,386.70000000000005,342.7999999999996
310,-431.45000000000005,342.7999999999996
311,431.45000000000005,342.7999999999996
312,-476.20000000000005,342.7999999999996
313,476.20000000000005,342.7999999999996
314,-520.95,342.7999999999996
315,520.95,342.7999999999996
316,-565.7,342.7999999999996
317,565.7,342.7999999999996
318,-610.45,342.7999999999996
319,610.45,342.7999999999996
320,-655.2,342.7999999999996
321,655.2,342.7999999999996
322,-699.95,342.7999999999996
323,699.95,342.7999999999996
324,-744.7,342.7999999999996
325,744.7,342.7999999999996
326,-789.45,342.7999999999996
327,789.45,342.7999999999996
328,-834.2,342.7999999999996
329,834.2,342.7999999999996
330,-878.95,342.7999999999996
331,878.95,342.7999999999996
332,-923.7,342.7999999999996
333,923.7,342.7999999999996
334,-968.45,342.7999999999996
335,968.45,342.7999999999996
336,-1013.2,342.7999999999996
337,-1057.95,342.7999999999996
338,-297.20000000000005,257.0999999999996
339,297.20000000000005,257.0999999999996
340,-341.95000000000005,257.0999999999996
341,341.95000000000005,257.0999999999996
342,-386.70000000000005,257.0999999999996
343,386.70000000000005,257.0999999999996
344,-431.45000000000005,257.0999999999996
345,431.45000000000005,257.0999999999996
346,-476.20000000000005,257.0999999999996
347,476.20000000000005,257.0999999999996
348,-520.95,257.0999999999996
349,520.95,257.0999999999996
350,-565.7,257.0999999999996
351,565.7,257.0999999999996
352,-610.45,257.0999999999996
353,610.45,257.0999999999996
354,-655.2,257.0999999999996
355,655.2,257.0999999999996
356,-699.95,257.0999999999996
357,699.95,257.0999999999996
358,-744.7,257.0999999999996
359,744.7,257.0999999999996
360,-789.45,257.0999999999996
361,789.45,257.0999999999996
362,-834.2,257.0999999999996
363,834.2,257.0999999999996
364,-878.95,257.0999999999996
365,878.95,257.0999999999996
366,-923.7,257.0999999999996
367,923.7,257.0999999999996
368,-968.45,257.0999999999996
369,968.45,257.0999999999996
370,-1013.2,257.0999999999996
371,1013.2,257.0999999999996
372,-1057.95,257.0999999999996
373,1057.95,257.0999999999996
374,-1102.7,257.0999999999996
375,1102.7,257.0999999999996
376,-341.95000000000005,171.39999999999964
377,341.95000000000005,171.39999999999964
378,-386.70000000000005,171.39999999999964
379,386.70000000000005,171.39999999999964
380,-431.45000000000005,171.39999999999964
381,431.45000000000005,171.39999999999964
382,-476.20000000000005,171.39999999999964
383,476.20000000000005,171.39999999999964
384,-520.95,171.39999999999964
385,520.95,171.39999999999964
386,-565.7,171.39999999999964
387,565.7,171.39999999999964
388,-610.45,171.39999999999964
389,610.45,171.39999999999964
390,-655.2,171.39999999999964
391,655.2,171.39999999999964
392,-699.95,171.39999999999964
393,699.95,171.39999999999964
394,-744.7,171.39999999999964
395,744.7,171.39999999999964
396,-789.45,171.39999999999964
397,789.45,171.39999999999964
398,-834.2,171.39999999999964
399,834.2,171.39999999999964
400,-878.95,171.39999999999964
401,878.95,171.39999999999964
402,-923.7,171.39999999999964
403,923.7,171.39999999999964
404,-968.45,171.39999999999964
405,968.45,171.39999999999964
406,-1013.2,171.39999999999964
407,1013.2,171.39999999999964
408,-1057.95,171.39999999999964
409,1057.95,171.39999999999964
410,-1102.7,171.39999999999964
411,1102.7,171.39999999999964
412,386.70000000000005,85.69999999999963
413,431.45000000000005,85.69999999999963
414,-476.20000000000005,85.69999999999963
415,476.20000000000005,85.69999999999963
416,-520.95,85.69999999999963
417,520.95,85.69999999999963
418,-565.7,85.69999999999963
419,565.7,85.69999999999963
420,-610.45,85.69999999999963
421,610.45,85.69999999999963
422,-655.2,85.69999999999963
423,655.2,85.69999999999963
424,-699.95,85.69999999999963
425,699.95,85.69999999999963
426,-744.7,85.69999999999963
427,744.7,85.69999999999963
428,-789.45,85.69999999999963
429,789.45,85.69999999999963
430,-834.2,85.69999999999963
431,834.2,85.69999999999963
432,-878.95,85.69999999999963
433,878.95,85.69999999999963
434,-923.7,85.69999999999963
435,923.7,85.69999999999963
436,-968.45,85.69999999999963
437,968.45,85.69999999999963
438,-1013.2,85.69999999999963
439,1013.2,85.69999999999963
440,-1057.95,85.69999999999963
441,1057.95,85.69999999999963
442,-1102.7,85.69999999999963
443,1102.7,85.69999999999963
444,-1147.45,85.69999999999963
445,1147.45,85.69999999999963
446,-476.20000000000005,-3.694822225952521e-13
447,476.20000000000005,-3.694822225952521e-13
448,-520.95,-3.694822225952521e-13
449,520.95,-3.694822225952521e-13
450,-565.7,-3.694822225952521e-13
451,565.7,-3.694822225952521e-13
452,-610.45,-3.694822225952521e-13
453,610.45,-3.694822225952521e-13
454,-655.2,-3.694822225952521e-13
455,655.2,-3.694822225952521e-13
456,-699.95,-3.694822225952521e-13
457,699.95,-3.694822225952521e-13
458,-744.7,-3.694822225952521e-13
459,744.7,-3.694822225952521e-13
460,-789.45,-3.694822225952521e-13
461,789.45,-3.694822225952521e-13
462,-834.2,-3.694822225952521e-13
463,834.2,-3.694822225952521e-13
464,-878.95,-3.694822225952521e-13
465,878.95,-3.694822225952521e-13
466,-923.7,-3.694822225952521e-13
467,923.7,-3.694822225952521e-13
468,-968.45,-3.694822225952521e-13
469,968.45,-3.694822225952521e-13
470,-1013.2,-3.694822225952521e-13
471,1013.2,-3.694822225952521e-13
472,-1057.95,-3.694822225952521e-13
473,1057.95,-3.694822225952521e-13
474,-1102.7,-3.694822225952521e-13
475,1102.7,-3.694822225952521e-13
476,-1147.45,-3.694822225952521e-13
477,1147.45,-3.694822225952521e-13
478,-386.70000000000005,-85.70000000000037
479,-431.45000000000005,-85.70000000000037
480,-476.20000000000005,-85.70000000000037
481,476.20000000000005,-85.70000000000037
482,-520.95,-85.70000000000037
483,520.95,-85.70000000000037
484,-565.7,-85.70000000000037
485,565.7,-85.70000000000037
486,-610.45,-85.70000000000037
487,610.45,-85.70000000000037
488,-655.2,-85.70000000000037
489,655.2,-85.70000000000037
490,-699.95,-85.70000000000037
491,699.95,-85.70000000000037
492,-744.7,-85.70000000000037
493,744.7,-85.70000000000037
494,-789.45,-85.70000000000037
495,789.45,-85.70000000000037
496,-834.2,-85.70000000000037
497,834.2,-85.70000000000037
498,-878.95,-85.70000000000037
499,878.95,-85.70000000000037
500,-923.7,-85.70000000000037
501,923.7,-85.70000000000037
502,-968.45,-85.70000000000037
503,968.45,-85.70000000000037
504,-1013.2,-85.70000000000037
505,1013.2,-85.70000000000037
506,-1057.95,-85.70000000000037
507,1057.95,-85.70000000000037
508,-1102.7,-85.70000000000037
509,1102.7,-85.70000000000037
510,-1147.45,-85.70000000000037
511,1147.45,-85.70000000000037
512,-341.95000000000005,-171.40000000000038
513,341.95000000000005,-171.40000000000038
514,-386.70000000000005,-171.40000000000038
515,386.70000000000005,-171.40000000000038
516,-431.45000000000005,-171.40000000000038
517,431.45000000000005,-171.40000000000038
518,-476.20000000000005,-171.40000000000038
519,476.20000000000005,-171.40000000000038
520,-520.95,-171.40000000000038
521,520.95,-171.40000000000038
522,-565.7,-171.40000000000038
523,565.7,-171.40000000000038
524,-610.45,-171.40000000000038
525,610.45,-171.40000000000038
526,-655.2,-171.40000000000038
527,655.2,-171.40000000000038
528,-699.95,-171.40000000000038
529,699.95,-171.40000000000038
530,-744.7,-171.40000000000038
531,744.7,-171.40000000000038
532,-789.45,-171.40000000000038
533,789.45,-171.40000000000038
534,-834.2,-171.40000000000038
535,834.2,-171.40000000000038
536,-878.95,-171.40000000000038
537,878.95,-171.40000000000038
538,-923.7,-171.40000000000038
539,923.7,-171.40000000000038
540,-968.45,-171.40000000000038
541,968.45,-171.40000000000038
542,-1013.2,-171.40000000000038
543,1013.2,-171.40000000000038
544,-1057.95,-171.40000000000038
545,1057.95,-171.40000000000038
546,-1102.7,-171.40000000000038
547,1102.7,-171.40000000000038
548,-297.20000000000005,-257.10000000000036
549,297.20000000000005,-257.10000000000036
550,-341.95000000000005,-257.10000000000036
551,341.95000000000005,-257.10000000000036
552,-386.70000000000005,-257.10000000000036
553,386.70000000000005,-257.10000000000036
554,-431.45000000000005,-257.10000000000036
555,431.45000000000005,-257.10000000000036
556,-476.20000000000005,-257.10000000000036
557,476.20000000000005,-257.10000000000036
558,-520.95,-257.10000000000036
559,520.95,-257.10000000000036
560,-565.7,-257.10000000000036
561,565.7,-257.10000000000036
562,-610.45,-257.10000000000036
563,610.45,-257.10000000000036
564,-655.2,-257.10000000000036
565,655.2,-257.10000000000036
566,-699.95,-257.10000000000036
567,699.95,-257.10000000000036
568,-744.7,-257.10000000000036
569,744.7,-257.10000000000036
570,-789.45,-257.10000000000036
571,789.45,-257.10000000000036
572,-834.2,-257.10000000000036
573,834.2,-257.10000000000036
574,-878.95,-257.10000000000036
575,878.95,-257.10000000000036
576,-923.7,-257.10000000000036
577,923.7,-257.10000000000036
578,-968.45,-257.10000000000036
579,968.45,-257.10000000000036
580,-1013.2,-257.10000000000036
581,1013.2,-257.10000000000036
582,-1057.95,-257.10000000000036
583,1057.95,-257.10000000000036
584,-1102.7,-257.10000000000036
585,1102.7,-257.10000000000036
586,-297.20000000000005,-342.80000000000035
587,297.20000000000005,-342.80000000000035
588,-341.95000000000005,-342.80000000000035
589,341.95000000000005,-342.80000000000035
590,-386.70000000000005,-342.80000000000035
591,386.70000000000005,-342.80000000000035
592,-431.45000000000005,-342.80000000000035
593,431.45000000000005,-342.80000000000035
594,-476.20000000000005,-342.80000000000035
595,476.20000000000005,-342.80000000000035
596,-520.95,-342.80000000000035
597,520.95,-342.80000000000035
598,-565.7,-342.80000000000035
599,565.7,-342.80000000000035
600,-610.45,-342.80000000000035
601,610.45,-342.80000000000035
602,-655.2,-342.80000000000035
603,655.2,-342.80000000000035
604,-699.95,-342.80000000000035
605,699.95,-342.80000000000035
606,-744.7,-342.80000000000035
607,744.7,-342.80000000000035
608,-789.45,-342.80000000000035
609,789.45,-342.80000000000035
610,-834.2,-342.80000000000035
611,834.2,-342.80000000000035
612,-878.95,-342.80000000000035
613,878.95,-342.80000000000035
614,-923.7,-342.80000000000035
615,923.7,-342.80000000000035
616,968.45,-342.80000000000035
617,1013.2,-342.80000000000035
618,1057.95,-342.80000000000035
619,1102.7,-342.80000000000035
620,-28.70000000000003,-428.50000000000034
621,28.70000000000003,-428.50000000000034
622,-73.45000000000003,-428.50000000000034
623,73.45000000000003,-428.50000000000034
624,-118.20000000000003,-428.50000000000034
625,118.20000000000003,-428.50000000000034
626,-162.95000000000005,-428.50000000000034
627,162.95000000000005,-428.50000000000034
628,-207.70000000000005,-428.50000000000034
629,207.70000000000005,-428.50000000000034
630,-252.45000000000005,-428.50000000000034
631,252.45000000000005,-428.50000000000034
632,-297.20000000000005,-428.50000000000034
633,297.20000000000005,-428.50000000000034
634,-341.95000000000005,-428.50000000000034
635,341.95000000000005,-428.50000000000034
636,-386.70000000000005,-428.50000000000034
637,386.70000000000005,-428.50000000000034
638,-431.45000000000005,-428.50000000000034
639,431.45000000000005,-428.50000000000034
640,-476.20000000000005,-428.50000000000034
641,476.20000000000005,-428.50000000000034
642,-520.95,-428.50000000000034
643,520.95,-428.50000000000034
644,-565.7,-428.50000000000034
645,565.7,-428.50000000000034
646,-610.45,-428.50000000000034
647,610.45,-428.50000000000034
648,-655.2,-428.50000000000034
649,655.2,-428.50000000000034
650,-699.95,-428.50000000000034
651,699.95,-428.50000000000034
652,-744.7,-428.50000000000034
653,744.7,-428.50000000000034
654,-789.45,-428.50000000000034
655,789.45,-428.50000000000034
656,-834.2,-428.50000000000034
657,834.2,-428.50000000000034
658,-878.95,-428.50000000000034
659,878.95,-428.50000000000034
660,-923.7,-428.50000000000034
661,923.7,-428.50000000000034
662,-28.70000000000003,-514.2000000000004
663,28.70000000000003,-514.2000000000004
664,-73.45000000000003,-514.2000000000004
665,73.45000000000003,-514.2000000000004
666,-118.20000000000003,-514.2000000000004
667,118.20000000000003,-514.2000000000004
668,-162.95000000000005,-514.2000000000004
669,162.95000000000005,-514.2000000000004
670,-207.70000000000005,-514.2000000000004
671,207.70000000000005,-514.2000000000004
672,-252.45000000000005,-514.2000000000004
673,252.45000000000005,-514.2000000000004
674,-297.20000000000005,-514.2000000000004
675,297.20000000000005,-514.2000000000004
676,-341.95000000000005,-514.2000000000004
677,341.95000000000005,-514.2000000000004
678,-386.70000000000005,-514.2000000000004
679,386.70000000000005,-514.2000000000004
680,-431.45000000000005,-514.2000000000004
681,431.45000000000005,-514.2000000000004
682,-476.20000000000005,-514.2000000000004
683,476.20000000000005,-514.2000000000004
684,-520.95,-514.2000000000004
685,520.95,-514.2000000000004
686,-565.7,-514.2000000000004
687,565.7,-514.2000000000004
688,-610.45,-514.2000000000004
689,610.45,-514.2000000000004
690,-655.2,-514.2000000000004
691,655.2,-514.2000000000004
692,-699.95,-514.2000000000004
693,699.95,-514.2000000000004
694,-744.7,-514.2000000000004
695,744.7,-514.2000000000004
696,-789.45,-514.2000000000004
697,789.45,-514.2000000000004
698,-834.2,-514.2000000000004
699,834.2,-514.2000000000004
700,-878.95,-514.2000000000004
701,878.95,-514.2000000000004
702,-923.7,-514.2000000000004
703,923.7,-514.2000000000004
704,-968.45,-514.2000000000004
705,968.45,-514.2000000000004
706,-1013.2,-514.2000000000004
707,1013.2,-514.2000000000004
708,-28.70000000000003,-599.9000000000004
709,28.70000000000003,-599.9000000000004
710,-73.45000000000003,-599.9000000000004
711,73.45000000000003,-599.9000000000004
712,-118.20000000000003,-599.9000000000004
713,118.20000000000003,-599.9000000000004
714,-162.95000000000005,-599.9000000000004
715,162.95000000000005,-599.9000000000004
716,-207.70000000000005,-599.9000000000004
717,207.70000000000005,-599.9000000000004
718,-252.45000000000005,-599.9000000000004
719,252.45000000000005,-599.9000000000004
720,-297.20000000000005,-599.9000000000004
721,297.20000000000005,-599.9000000000004
722,-341.95000000000005,-599.9000000000004
723,341.95000000000005,-599.9000000000004
724,-386.70000000000005,-599.9000000000004
725,386.70000000000005,-599.9000000000004
726,-431.45000000000005,-599.9000000000004
727,431.45000000000005,-599.9000000000004
728,-476.20000000000005,-599.9000000000004
729,476.20000000000005,-599.9000000000004
730,-520.95,-599.9000000000004
731,520.95,-599.9000000000004
732,-565.7,-599.9000000000004
733,565.7,-599.9000000000004
734,-610.45,-599.9000000000004
735,610.45,-599.9000000000004
736,-655.2,-599.9000000000004
737,655.2,-599.9000000000004
738,-699.95,-599.9000000000004
739,699.95,-599.9000000000004
740,-744.7,-599.9000000000004
741,744.7,-599.9000000000004
742,-789.45,-599.9000000000004
743,789.45,-599.9000000000004
744,-834.2,-599.9000000000004
745,834.2,-599.9000000000004
746,-878.95,-599.9000000000004
747,878.95,-599.9000000000004
748,-923.7,-599.9000000000004
749,923.7,-599.9000000000004
750,-968.45,-599.9000000000004
751,968.45,-599.9000000000004
752,-28.70000000000003,-685.6000000000005
753,28.70000000000003,-685.6000000000005
754,-73.45000000000003,-685.6000000000005
755,73.45000000000003,-685.6000000000005
756,-118.20000000000003,-685.6000000000005
757,118.20000000000003,-685.6000000000005
758,-162.95000000000005,-685.6000000000005
759,162.95000000000005,-685.6000000000005
760,-207.70000000000005,-685.6000000000005
761,207.70000000000005,-685.6000000000005
762,-252.45000000000005,-685.6000000000005
763,252.45000000000005,-685.6000000000005
764,-297.20000000000005,-685.6000000000005
765,297.20000000000005,-685.6000000000005
766,-341.95000000000005,-685.6000000000005
767,341.95000000000005,-685.6000000000005
768,-386.70000000000005,-685.6000000000005
769,386.70000000000005,-685.6000000000005
770,-431.45000000000005,-685.6000000000005
771,431.45000000000005,-685.6000000000005
772,-476.20000000000005,-685.6000000000005
773,476.20000000000005,-685.6000000000005
774,-520.95,-685.6000000000005
775,520.95,-685.6000000000005
776,-565.7,-685.6000000000005
777,565.7,-685.6000000000005
778,-610.45,-685.6000000000005
779,610.45,-685.6000000000005
780,-655.2,-685.6000000000005
781,655.2,-685.6000000000005
782,-699.95,-685.6000000000005
783,699.95,-685.6000000000005
784,-744.7,-685.6000000000005
785,744.7,-685.6000000000005
786,-789.45,-685.6000000000005
787,789.45,-685.6000000000005
788,-834.2,-685.6000000000005
789,834.2,-685.6000000000005
790,-878.95,-685.6000000000005
791,878.95,-685.6000000000005
792,-923.7,-685.6000000000005
793,923.7,-685.6000000000005
794,-28.70000000000003,-771.3000000000005
795,28.70000000000003,-771.3000000000005
796,-73.45000000000003,-771.3000000000005
797,73.45000000000003,-771.3000000000005
798,-118.20000000000003,-771.3000000000005
799,118.20000000000003,-771.3000000000005
800,-162.95000000000005,-771.3000000000005
801,162.95000000000005,-771.3000000000005
802,-207.70000000000005,-771.3000000000005
803,207.70000000000005,-771.3000000000005
804,-252.45000000000005,-771.3000000000005
805,252.45000000000005,-771.3000000000005
806,-297.20000000000005,-771.3000000000005
807,297.20000000000005,-771.3000000000005
808,-341.95000000000005,-771.3000000000005
809,341.95000000000005,-771.3000000000005
810,-386.70000000000005,-771.3000000000005
811,386.70000000000005,-771.3000000000005
812,-431.45000000000005,-771.3000000000005
813,431.45000000000005,-771.3000000000005
814,-476.20000000000005,-771.3000000000005
815,476.20000000000005,-771.3000000000005
816,-520.95,-771.3000000000005
817,520.95,-771.3000000000005
818,-565.7,-771.3000000000005
819,565.7,-771.3000000000005
820,-610.45,-771.3000000000005
821,610.45,-771.3000000000005
822,-655.2,-771.3000000000005
823,655.2,-771.3000000000005
824,-699.95,-771.3000000000005
825,699.95,-771.3000000000005
826,-744.7,-771.3000000000005
827,744.7,-771.3000000000005
828,-789.45,-771.3000000000005
829,789.45,-771.3000000000005
830,-834.2,-771.3000000000005
831,834.2,-771.3000000000005
832,-28.70000000000003,-857.0000000000006
833,28.70000000000003,-857.0000000000006
834,-73.45000000000003,-857.0000000000006
835,73.45000000000003,-857.0000000000006
836,-118.20000000000003,-857.0000000000006
837,118.20000000000003,-857.0000000000006
838,-162.95000000000005,-857.0000000000006
839,162.95000000000005,-857.0000000000006
840,-207.70000000000005,-857.0000000000006
841,207.70000000000005,-857.0000000000006
842,-252.45000000000005,-857.0000000000006
843,252.45000000000005,-857.0000000000006
844,-297.20000000000005,-857.0000000000006
845,297.20000000000005,-857.0000000000006
846,-341.95000000000005,-857.0000000000006
847,341.95000000000005,-857.0000000000006
848,-386.70000000000005,-857.0000000000006
849,386.70000000000005,-857.0000000000006
850,-431.45000000000005,-857.0000000000006
851,431.45000000000005,-857.0000000000006
852,-476.20000000000005,-857.0000000000006
853,476.20000000000005,-857.0000000000006
854,-520.95,-857.0000000000006
855,520.95,-857.0000000000006
856,-565.7,-857.0000000000006
857,565.7,-857.0000000000006
858,-610.45,-857.0000000000006
859,610.45,-857.0000000000006
860,-655.2,-857.0000000000006
861,655.2,-857.0000000000006
862,-699.95,-857.0000000000006
863,699.95,-857.0000000000006
864,-744.7,-857.0000000000006
865,744.7,-857.0000000000006
866,-28.70000000000003,-942.7000000000006
867,28.70000000000003,-942.7000000000006
868,-73.45000000000003,-942.7000000000006
869,73.45000000000003,-942.7000000000006
870,-118.20000000000003,-942.7000000000006
871,118.20000000000003,-942.7000000000006
872,-162.95000000000005,-942.7000000000006
873,162.95000000000005,-942.7000000000006
874,-207.70000000000005,-942.7000000000006
875,207.70000000000005,-942.7000000000006
876,-252.45000000000005,-942.7000000000006
877,252.45000000000005,-942.7000000000006
878,-297.20000000000005,-942.7000000000006
879,297.20000000000005,-942.7000000000006
880,-341.95000000000005,-942.7000000000006
881,341.95000000000005,-942.7000000000006
882,-386.70000000000005,-942.7000000000006
883,386.70000000000005,-942.7000000000006
884,-431.45000000000005,-942.7000000000006
885,431.45000000000005,-942.7000000000006
886,-476.20000000000005,-942.7000000000006
887,476.20000000000005,-942.7000000000006
888,-520.95,-942.7000000000006
889,520.95,-942.7000000000006
890,-565.7,-942.7000000000006
891,565.7,-942.7000000000006
892,-610.45,-942.7000000000006
893,610.45,-942.7000000000006
894,-655.2,-942.7000000000006
895,655.2,-942.7000000000006
896,-28.70000000000003,-1028.4000000000005
897,28.70000000000003,-1028.4000000000005
898,-73.45000000000003,-1028.4000000000005
899,73.45000000000003,-1028.4000000000005
900,-118.20000000000003,-1028.4000000000005
901,118.20000000000003,-1028.4000000000005
902,-162.95000000000005,-1028.4000000000005
903,162.95000000000005,-1028.4000000000005
904,-207.70000000000005,-1028.4000000000005
905,207.70000000000005,-1028.4000000000005
906,-252.45000000000005,-1028.4000000000005
907,252.45000000000005,-1028.4000000000005
908,-297.20000000000005,-1028.4000000000005
909,297.20000000000005,-1028.4000000000005
910,-341.95000000000005,-1028.4000000000005
911,341.95000000000005,-1028.4000000000005
912,386.70000000000005,-1028.4000000000005
913,431.45000000000005,-1028.4000000000005
914,476.20000000000005,-1028.4000000000005
915,118.20000000000003,-1114.1000000000006
916,162.95000000000005,-1114.1000000000006
917,207.70000000000005,-1114.1000000000006
918,252.45000000000005,-1114.1000000000006
