,X,Y
0,347.95,1071.25
1,302.45,1071.25
2,256.95,1071.25
3,211.45,1071.25
4,165.95,1071.25
5,120.45,1071.25
6,-120.45,1071.25
7,-165.95,1071.25
8,-211.45,1071.25
9,-256.95,1071.25
10,-302.45,1071.25
11,-347.95,1071.25
12,529.95,985.55
13,484.45,985.55
14,438.95,985.55
15,393.45,985.55
16,347.95,985.55
17,302.45,985.55
18,256.95,985.55
19,211.45,985.55
20,165.95,985.55
21,120.45,985.55
22,74.95,985.55
23,29.450000000000003,985.55
24,-29.450000000000003,985.55
25,-74.95,985.55
26,-120.45,985.55
27,-165.95,985.55
28,-211.45,985.55
29,-256.95,985.55
30,-302.45,985.55
31,-347.95,985.55
32,-393.45,985.55
33,-438.95,985.55
34,-484.45,985.55
35,-529.95,985.55
36,666.45,899.8499999999999
37,620.95,899.8499999999999
38,575.45,899.8499999999999
39,529.95,899.8499999999999
40,484.45,899.8499999999999
41,438.95,899.8499999999999
42,393.45,899.8499999999999
43,347.95,899.8499999999999
44,302.45,899.8499999999999
45,256.95,899.8499999999999
46,211.45,899.8499999999999
47,165.95,899.8499999999999
48,120.45,899.8499999999999
49,74.95,899.8499999999999
50,29.450000000000003,899.8499999999999
51,-29.450000000000003,899.8499999999999
52,-74.95,899.8499999999999
53,-120.45,899.8499999999999
54,-165.95,899.8499999999999
55,-211.45,899.8499999999999
56,-256.95,899.8499999999999
57,-302.45,899.8499999999999
58,-347.95,899.8499999999999
59,-393.45,899.8499999999999
60,-438.95,899.8499999999999
61,-484.45,899.8499999999999
62,-529.95,899.8499999999999
63,-575.45,899.8499999999999
64,-620.95,899.8499999999999
65,-666.45,899.8499999999999
66,757.45,814.1499999999999
67,711.95,814.1499999999999
68,666.45,814.1499999999999
69,620.95,814.1499999999999
70,575.45,814.1499999999999
71,529.95,814.1499999999999
72,484.45,814.1499999999999
73,438.95,814.1499999999999
74,393.45,814.1499999999999
75,347.95,814.1499999999999
76,302.45,814.1499999999999
77,256.95,814.1499999999999
78,211.45,814.1499999999999
79,165.95,814.1499999999999
80,120.45,814.1499999999999
81,74.95,814.1499999999999
82,29.450000000000003,814.1499999999999
83,-29.450000000000003,814.1499999999999
84,-74.95,814.1499999999999
85,-120.45,814.1499999999999
86,-165.95,814.1499999999999
87,-211.45,814.1499999999999
88,-256.95,814.1499999999999
89,-302.45,814.1499999999999
90,-347.95,814.1499999999999
91,-393.45,814.1499999999999
92,-438.95,814.1499999999999
93,-484.45,814.1499999999999
94,-529.95,814.1499999999999
95,-575.45,814.1499999999999
96,-620.95,814.1499999999999
97,-666.45,814.1499999999999
98,-711.95,814.1499999999999
99,-757.45,814.1499999999999
100,848.45,728.4499999999998
101,802.95,728.4499999999998
102,757.45,728.4499999999998
103,711.95,728.4499999999998
104,666.45,728.4499999999998
105,620.95,728.4499999999998
106,575.45,728.4499999999998
107,529.95,728.4499999999998
108,484.45,728.4499999999998
109,438.95,728.4499999999998
110,393.45,728.4499999999998
111,347.95,728.4499999999998
112,302.45,728.4499999999998
113,256.95,728.4499999999998
114,211.45,728.4499999999998
115,165.95,728.4499999999998
116,120.45,728.4499999999998
117,74.95,728.4499999999998
118,29.450000000000003,728.4499999999998
119,-29.450000000000003,728.4499999999998
120,-74.95,728.4499999999998
121,-120.45,728.4499999999998
122,-165.95,728.4499999999998
123,-211.45,728.4499999999998
124,-256.95,728.4499999999998
125,-302.45,728.4499999999998
126,-347.95,728.4499999999998
127,-393.45,728.4499999999998
128,-438.95,728.4499999999998
129,-484.45,728.4499999999998
130,-529.95,728.4499999999998
131,-575.45,728.4499999999998
132,-620.95,728.4499999999998
133,-666.45,728.4499999999998
134,-711.95,728.4499999999998
135,-757.45,728.4499999999998
136,-802.95,728.4499999999998
137,-848.45,728.4499999999998
138,939.45,642.7499999999998
139,893.95,642.7499999999998
140,848.45,642.7499999999998
141,802.95,642.7499999999998
142,757.45,642.7499999999998
143,711.95,642.7499999999998
144,666.45,642.7499999999998
145,620.95,642.7499999999998
146,575.45,642.7499999999998
147,529.95,642.7499999999998
148,484.45,642.7499999999998
149,438.95,642.7499999999998
150,393.45,642.7499999999998
151,347.95,642.7499999999998
152,302.45,642.7499999999998
153,256.95,642.7499999999998
154,211.45,642.7499999999998
155,165.95,642.7499999999998
156,120.45,642.7499999999998
157,74.95,642.7499999999998
158,29.450000000000003,642.7499999999998
159,-29.450000000000003,642.7499999999998
160,-74.95,642.7499999999998
161,-120.45,642.7499999999998
162,-165.95,642.7499999999998
163,-211.45,642.7499999999998
164,-256.95,642.7499999999998
165,-302.45,642.7499999999998
166,-347.95,642.7499999999998
167,-393.45,642.7499999999998
168,-438.95,642.7499999999998
169,-484.45,642.7499999999998
170,-529.95,642.7499999999998
171,-575.45,642.7499999999998
172,-620.95,642.7499999999998
173,-666.45,642.7499999999998
174,-711.95,642.7499999999998
175,-757.45,642.7499999999998
176,-802.95,642.7499999999998
177,-848.45,642.7499999999998
178,-893.95,642.7499999999998
179,-939.45,642.7499999999998
180,984.95,557.0499999999997
181,939.45,557.0499999999997
182,893.95,557.0499999999997
183,848.45,557.0499999999997
184,802.95,557.0499999999997
185,757.45,557.0499999999997
186,711.95,557.0499999999997
187,666.45,557.0499999999997
188,620.95,557.0499999999997
189,575.45,557.0499999999997
190,529.95,557.0499999999997
191,484.45,557.0499999999997
192,438.95,557.0499999999997
193,393.45,557.0499999999997
194,347.95,557.0499999999997
195,302.45,557.0499999999997
196,256.95,557.0499999999997
197,211.45,557.0499999999997
198,165.95,557.0499999999997
199,120.45,557.0499999999997
200,74.95,557.0499999999997
201,29.450000000000003,557.0499999999997
202,-29.450000000000003,557.0499999999997
203,-74.95,557.0499999999997
204,-120.45,557.0499999999997
205,-165.95,557.0499999999997
206,-211.45,557.0499999999997
207,-256.95,557.0499999999997
208,-302.45,557.0499999999997
209,-347.95,557.0499999999997
210,-393.45,557.0499999999997
211,-438.95,557.0499999999997
212,-484.45,557.0499999999997
213,-529.95,557.0499999999997
214,-575.45,557.0499999999997
215,-620.95,557.0499999999997
216,-666.45,557.0499999999997
217,-711.95,557.0499999999997
218,-757.45,557.0499999999997
219,-802.95,557.0499999999997
220,-848.45,557.0499999999997
221,-893.95,557.0499999999997
222,-939.45,557.0499999999997
223,-984.95,557.0499999999997
224,939.45,471.34999999999974
225,893.95,471.34999999999974
226,848.45,471.34999999999974
227,802.95,471.34999999999974
228,757.45,471.34999999999974
229,711.95,471.34999999999974
230,666.45,471.34999999999974
231,620.95,471.34999999999974
232,575.45,471.34999999999974
233,529.95,471.34999999999974
234,484.45,471.34999999999974
235,438.95,471.34999999999974
236,393.45,471.34999999999974
237,347.95,471.34999999999974
238,302.45,471.34999999999974
239,256.95,471.34999999999974
240,211.45,471.34999999999974
241,165.95,471.34999999999974
242,120.45,471.34999999999974
243,74.95,471.34999999999974
244,29.450000000000003,471.34999999999974
245,-29.450000000000003,471.34999999999974
246,-74.95,471.34999999999974
247,-120.45,471.34999999999974
248,-165.95,471.34999999999974
249,-211.45,471.34999999999974
250,-256.95,471.34999999999974
251,-302.45,471.34999999999974
252,-347.95,471.34999999999974
253,-393.45,471.34999999999974
254,-438.95,471.34999999999974
255,-484.45,471.34999999999974
256,-529.95,471.34999999999974
257,-575.45,471.34999999999974
258,-620.95,471.34999999999974
259,-666.45,471.34999999999974
260,-711.95,471.34999999999974
261,-757.45,471.34999999999974
262,-802.95,471.34999999999974
263,-848.45,471.34999999999974
264,-893.95,471.34999999999974
265,-939.45,471.34999999999974
266,939.45,385.64999999999975
267,893.95,385.64999999999975
268,848.45,385.64999999999975
269,802.95,385.64999999999975
270,757.45,385.64999999999975
271,711.95,385.64999999999975
272,666.45,385.64999999999975
273,620.95,385.64999999999975
274,575.45,385.64999999999975
275,529.95,385.64999999999975
276,484.45,385.64999999999975
277,438.95,385.64999999999975
278,393.45,385.64999999999975
279,347.95,385.64999999999975
280,302.45,385.64999999999975
281,-302.45,385.64999999999975
282,-347.95,385.64999999999975
283,-393.45,385.64999999999975
284,-438.95,385.64999999999975
285,-484.45,385.64999999999975
286,-529.95,385.64999999999975
287,-575.45,385.64999999999975
288,-620.95,385.64999999999975
289,-666.45,385.64999999999975
290,-711.95,385.64999999999975
291,-757.45,385.64999999999975
292,-802.95,385.64999999999975
293,-848.45,385.64999999999975
294,-893.95,385.64999999999975
295,-939.45,385.64999999999975
296,1030.45,299.94999999999976
297,984.95,299.94999999999976
298,939.45,299.94999999999976
299,893.95,299.94999999999976
300,848.45,299.94999999999976
301,802.95,299.94999999999976
302,757.45,299.94999999999976
303,711.95,299.94999999999976
304,666.45,299.94999999999976
305,620.95,299.94999999999976
306,575.45,299.94999999999976
307,529.95,299.94999999999976
308,484.45,299.94999999999976
309,438.95,299.94999999999976
310,393.45,299.94999999999976
311,347.95,299.94999999999976
312,302.45,299.94999999999976
313,-302.45,299.94999999999976
314,-347.95,299.94999999999976
315,-393.45,299.94999999999976
316,-438.95,299.94999999999976
317,-484.45,299.94999999999976
318,-529.95,299.94999999999976
319,-575.45,299.94999999999976
320,-620.95,299.94999999999976
321,-666.45,299.94999999999976
322,-711.95,299.94999999999976
323,-757.45,299.94999999999976
324,-802.95,299.94999999999976
325,-848.45,299.94999999999976
326,-893.95,299.94999999999976
327,-939.45,299.94999999999976
328,-984.95,299.94999999999976
329,-1030.45,299.94999999999976
330,1030.45,214.24999999999977
331,984.95,214.24999999999977
332,939.45,214.24999999999977
333,893.95,214.24999999999977
334,848.45,214.24999999999977
335,802.95,214.24999999999977
336,757.45,214.24999999999977
337,711.95,214.24999999999977
338,666.45,214.24999999999977
339,620.95,214.24999999999977
340,575.45,214.24999999999977
341,529.95,214.24999999999977
342,484.45,214.24999999999977
343,438.95,214.24999999999977
344,393.45,214.24999999999977
345,347.95,214.24999999999977
346,-347.95,214.24999999999977
347,-393.45,214.24999999999977
348,-438.95,214.24999999999977
349,-484.45,214.24999999999977
350,-529.95,214.24999999999977
351,-575.45,214.24999999999977
352,-620.95,214.24999999999977
353,-666.45,214.24999999999977
354,-711.95,214.24999999999977
355,-757.45,214.24999999999977
356,-802.95,214.24999999999977
357,-848.45,214.24999999999977
358,-893.95,214.24999999999977
359,-939.45,214.24999999999977
360,-984.95,214.24999999999977
361,-1030.45,214.24999999999977
362,1030.45,128.54999999999978
363,984.95,128.54999999999978
364,939.45,128.54999999999978
365,893.95,128.54999999999978
366,848.45,128.54999999999978
367,802.95,128.54999999999978
368,757.45,128.54999999999978
369,711.95,128.54999999999978
370,666.45,128.54999999999978
371,620.95,128.54999999999978
372,575.45,128.54999999999978
373,529.95,128.54999999999978
374,484.45,128.54999999999978
375,438.95,128.54999999999978
376,393.45,128.54999999999978
377,-393.45,128.54999999999978
378,-438.95,128.54999999999978
379,-484.45,128.54999999999978
380,-529.95,128.54999999999978
381,-575.45,128.54999999999978
382,-620.95,128.54999999999978
383,-666.45,128.54999999999978
384,-711.95,128.54999999999978
385,-757.45,128.54999999999978
386,-802.95,128.54999999999978
387,-848.45,128.54999999999978
388,-893.95,128.54999999999978
389,-939.45,128.54999999999978
390,-984.95,128.54999999999978
391,-1030.45,128.54999999999978
392,1030.45,42.84999999999978
393,984.95,42.84999999999978
394,939.45,42.84999999999978
395,893.95,42.84999999999978
396,848.45,42.84999999999978
397,802.95,42.84999999999978
398,757.45,42.84999999999978
399,711.95,42.84999999999978
400,666.45,42.84999999999978
401,620.95,42.84999999999978
402,575.45,42.84999999999978
403,529.95,42.84999999999978
404,484.45,42.84999999999978
405,-484.45,42.84999999999978
406,-529.95,42.84999999999978
407,-575.45,42.84999999999978
408,-620.95,42.84999999999978
409,-666.45,42.84999999999978
410,-711.95,42.84999999999978
411,-757.45,42.84999999999978
412,-802.95,42.84999999999978
413,-848.45,42.84999999999978
414,-893.95,42.84999999999978
415,-939.45,42.84999999999978
416,-984.95,42.84999999999978
417,-1030.45,42.84999999999978
418,1030.45,-42.85000000000022
419,984.95,-42.85000000000022
420,939.45,-42.85000000000022
421,893.95,-42.85000000000022
422,848.45,-42.85000000000022
423,802.95,-42.85000000000022
424,757.45,-42.85000000000022
425,711.95,-42.85000000000022
426,666.45,-42.85000000000022
427,620.95,-42.85000000000022
428,575.45,-42.85000000000022
429,529.95,-42.85000000000022
430,484.45,-42.85000000000022
431,-484.45,-42.85000000000022
432,-529.95,-42.85000000000022
433,-575.45,-42.85000000000022
434,-620.95,-42.85000000000022
435,-666.45,-42.85000000000022
436,-711.95,-42.85000000000022
437,-757.45,-42.85000000000022
438,-802.95,-42.85000000000022
439,-848.45,-42.85000000000022
440,-893.95,-42.85000000000022
441,-939.45,-42.85000000000022
442,-984.95,-42.85000000000022
443,-1030.45,-42.85000000000022
444,1030.45,-128.55000000000024
445,984.95,-128.55000000000024
446,939.45,-128.55000000000024
447,893.95,-128.55000000000024
448,848.45,-128.55000000000024
449,802.95,-128.55000000000024
450,757.45,-128.55000000000024
451,711.95,-128.55000000000024
452,666.45,-128.55000000000024
453,620.95,-128.55000000000024
454,575.45,-128.55000000000024
455,529.95,-128.55000000000024
456,484.45,-128.55000000000024
457,438.95,-128.55000000000024
458,393.45,-128.55000000000024
459,-393.45,-128.55000000000024
460,-438.95,-128.55000000000024
461,-484.45,-128.55000000000024
462,-529.95,-128.55000000000024
463,-575.45,-128.55000000000024
464,-620.95,-128.55000000000024
465,-666.45,-128.55000000000024
466,-711.95,-128.55000000000024
467,-757.45,-128.55000000000024
468,-802.95,-128.55000000000024
469,-848.45,-128.55000000000024
470,-893.95,-128.55000000000024
471,-939.45,-128.55000000000024
472,-984.95,-128.55000000000024
473,-1030.45,-128.55000000000024
474,1030.45,-214.25000000000023
475,984.95,-214.25000000000023
476,939.45,-214.25000000000023
477,893.95,-214.25000000000023
478,848.45,-214.25000000000023
479,802.95,-214.25000000000023
480,757.45,-214.25000000000023
481,711.95,-214.25000000000023
482,666.45,-214.25000000000023
483,620.95,-214.25000000000023
484,575.45,-214.25000000000023
485,529.95,-214.25000000000023
486,484.45,-214.25000000000023
487,438.95,-214.25000000000023
488,393.45,-214.25000000000023
489,347.95,-214.25000000000023
490,-347.95,-214.25000000000023
491,-393.45,-214.25000000000023
492,-438.95,-214.25000000000023
493,-484.45,-214.25000000000023
494,-529.95,-214.25000000000023
495,-575.45,-214.25000000000023
496,-620.95,-214.25000000000023
497,-666.45,-214.25000000000023
498,-711.95,-214.25000000000023
499,-757.45,-214.25000000000023
500,-802.95,-214.25000000000023
501,-848.45,-214.25000000000023
502,-893.95,-214.25000000000023
503,-939.45,-214.25000000000023
504,-984.95,-214.25000000000023
505,-1030.45,-214.25000000000023
506,1030.45,-299.9500000000002
507,984.95,-299.9500000000002
508,939.45,-299.9500000000002
509,893.95,-299.9500000000002
510,848.45,-299.9500000000002
511,802.95,-299.9500000000002
512,757.45,-299.9500000000002
513,711.95,-299.9500000000002
514,666.45,-299.9500000000002
515,620.95,-299.9500000000002
516,575.45,-299.9500000000002
517,529.95,-299.9500000000002
518,484.45,-299.9500000000002
519,438.95,-299.9500000000002
520,393.45,-299.9500000000002
521,347.95,-299.9500000000002
522,302.45,-299.9500000000002
523,-302.45,-299.9500000000002
524,-347.95,-299.9500000000002
525,-393.45,-299.9500000000002
526,-438.95,-299.9500000000002
527,-484.45,-299.9500000000002
528,-529.95,-299.9500000000002
529,-575.45,-299.9500000000002
530,-620.95,-299.9500000000002
531,-666.45,-299.9500000000002
532,-711.95,-299.9500000000002
533,-757.45,-299.9500000000002
534,-802.95,-299.9500000000002
535,-848.45,-299.9500000000002
536,-893.95,-299.9500000000002
537,-939.45,-299.9500000000002
538,-984.95,-299.9500000000002
539,-1030.45,-299.9500000000002
540,939.45,-385.6500000000002
541,893.95,-385.6500000000002
542,848.45,-385.6500000000002
543,802.95,-385.6500000000002
544,757.45,-385.6500000000002
545,711.95,-385.6500000000002
546,666.45,-385.6500000000002
547,620.95,-385.6500000000002
548,575.45,-385.6500000000002
549,529.95,-385.6500000000002
550,484.45,-385.6500000000002
551,438.95,-385.6500000000002
552,393.45,-385.6500000000002
553,347.95,-385.6500000000002
554,302.45,-385.6500000000002
555,256.95,-385.6500000000002
556,120.45,-385.6500000000002
557,74.95,-385.6500000000002
558,29.450000000000003,-385.6500000000002
559,-29.450000000000003,-385.6500000000002
560,-74.95,-385.6500000000002
561,-120.45,-385.6500000000002
562,-302.45,-385.6500000000002
563,-347.95,-385.6500000000002
564,-393.45,-385.6500000000002
565,-438.95,-385.6500000000002
566,-484.45,-385.6500000000002
567,-529.95,-385.6500000000002
568,-575.45,-385.6500000000002
569,-620.95,-385.6500000000002
570,-666.45,-385.6500000000002
571,-711.95,-385.6500000000002
572,-757.45,-385.6500000000002
573,-802.95,-385.6500000000002
574,-848.45,-385.6500000000002
575,-893.95,-385.6500000000002
576,-939.45,-385.6500000000002
577,984.95,-471.3500000000002
578,939.45,-471.3500000000002
579,893.95,-471.3500000000002
580,848.45,-471.3500000000002
581,802.95,-471.3500000000002
582,757.45,-471.3500000000002
583,711.95,-471.3500000000002
584,666.45,-471.3500000000002
585,620.95,-471.3500000000002
586,575.45,-471.3500000000002
587,529.95,-471.3500000000002
588,484.45,-471.3500000000002
589,438.95,-471.3500000000002
590,393.45,-471.3500000000002
591,347.95,-471.3500000000002
592,302.45,-471.3500000000002
593,256.95,-471.3500000000002
594,211.45,-471.3500000000002
595,165.95,-471.3500000000002
596,120.45,-471.3500000000002
597,74.95,-471.3500000000002
598,29.450000000000003,-471.3500000000002
599,-29.450000000000003,-471.3500000000002
600,-74.95,-471.3500000000002
601,-120.45,-471.3500000000002
602,-165.95,-471.3500000000002
603,-211.45,-471.3500000000002
604,-256.95,-471.3500000000002
605,-302.45,-471.3500000000002
606,-347.95,-471.3500000000002
607,-393.45,-471.3500000000002
608,-438.95,-471.3500000000002
609,-484.45,-471.3500000000002
610,-529.95,-471.3500000000002
611,-575.45,-471.3500000000002
612,-620.95,-471.3500000000002
613,-666.45,-471.3500000000002
614,-711.95,-471.3500000000002
615,-757.45,-471.3500000000002
616,-802.95,-471.3500000000002
617,-848.45,-471.3500000000002
618,-893.95,-471.3500000000002
619,-939.45,-471.3500000000002
620,-984.95,-471.3500000000002
621,984.95,-557.0500000000002
622,939.45,-557.0500000000002
623,893.95,-557.0500000000002
624,848.45,-557.0500000000002
625,802.95,-557.0500000000002
626,757.45,-557.0500000000002
627,711.95,-557.0500000000002
628,666.45,-557.0500000000002
629,620.95,-557.0500000000002
630,575.45,-557.0500000000002
631,529.95,-557.0500000000002
632,484.45,-557.0500000000002
633,438.95,-557.0500000000002
634,393.45,-557.0500000000002
635,347.95,-557.0500000000002
636,302.45,-557.0500000000002
637,256.95,-557.0500000000002
638,211.45,-557.0500000000002
639,165.95,-557.0500000000002
640,120.45,-557.0500000000002
641,74.95,-557.0500000000002
642,29.450000000000003,-557.0500000000002
643,-29.450000000000003,-557.0500000000002
644,-74.95,-557.0500000000002
645,-120.45,-557.0500000000002
646,-165.95,-557.0500000000002
647,-211.45,-557.0500000000002
648,-256.95,-557.0500000000002
649,-302.45,-557.0500000000002
650,-347.95,-557.0500000000002
651,-393.45,-557.0500000000002
652,-438.95,-557.0500000000002
653,-484.45,-557.0500000000002
654,-529.95,-557.0500000000002
655,-575.45,-557.0500000000002
656,-620.95,-557.0500000000002
657,-666.45,-557.0500000000002
658,-711.95,-557.0500000000002
659,-757.45,-557.0500000000002
660,-802.95,-557.0500000000002
661,-848.45,-557.0500000000002
662,-893.95,-557.0500000000002
663,-939.45,-557.0500000000002
664,-984.95,-557.0500000000002
665,893.95,-642.7500000000002
666,848.45,-642.7500000000002
667,802.95,-642.7500000000002
668,757.45,-642.7500000000002
669,711.95,-642.7500000000002
670,666.45,-642.7500000000002
671,620.95,-642.7500000000002
672,575.45,-642.7500000000002
673,529.95,-642.7500000000002
674,484.45,-642.7500000000002
675,438.95,-642.7500000000002
676,393.45,-642.7500000000002
677,347.95,-642.7500000000002
678,302.45,-642.7500000000002
679,256.95,-642.7500000000002
680,211.45,-642.7500000000002
681,165.95,-642.7500000000002
682,120.45,-642.7500000000002
683,74.95,-642.7500000000002
684,29.450000000000003,-642.7500000000002
685,-29.450000000000003,-642.7500000000002
686,-74.95,-642.7500000000002
687,-120.45,-642.7500000000002
688,-165.95,-642.7500000000002
689,-211.45,-642.7500000000002
690,-256.95,-642.7500000000002
691,-302.45,-642.7500000000002
692,-347.95,-642.7500000000002
693,-393.45,-642.7500000000002
694,-438.95,-642.7500000000002
695,-484.45,-642.7500000000002
696,-529.95,-642.7500000000002
697,-575.45,-642.7500000000002
698,-620.95,-642.7500000000002
699,-666.45,-642.7500000000002
700,-711.95,-642.7500000000002
701,-757.45,-642.7500000000002
702,-802.95,-642.7500000000002
703,-848.45,-642.7500000000002
704,-893.95,-642.7500000000002
705,848.45,-728.4500000000003
706,802.95,-728.4500000000003
707,757.45,-728.4500000000003
708,711.95,-728.4500000000003
709,666.45,-728.4500000000003
710,620.95,-728.4500000000003
711,575.45,-728.4500000000003
712,529.95,-728.4500000000003
713,484.45,-728.4500000000003
714,438.95,-728.4500000000003
715,393.45,-728.4500000000003
716,347.95,-728.4500000000003
717,302.45,-728.4500000000003
718,256.95,-728.4500000000003
719,211.45,-728.4500000000003
720,165.95,-728.4500000000003
721,120.45,-728.4500000000003
722,74.95,-728.4500000000003
723,29.450000000000003,-728.4500000000003
724,-29.450000000000003,-728.4500000000003
725,-74.95,-728.4500000000003
726,-120.45,-728.4500000000003
727,-165.95,-728.4500000000003
728,-211.45,-728.4500000000003
729,-256.95,-728.4500000000003
730,-302.45,-728.4500000000003
731,-347.95,-728.4500000000003
732,-393.45,-728.4500000000003
733,-438.95,-728.4500000000003
734,-484.45,-728.4500000000003
735,-529.95,-728.4500000000003
736,-575.45,-728.4500000000003
737,-620.95,-728.4500000000003
738,-666.45,-728.4500000000003
739,-711.95,-728.4500000000003
740,-757.45,-728.4500000000003
741,-802.95,-728.4500000000003
742,-848.45,-728.4500000000003
743,757.45,-814.1500000000003
744,711.95,-814.1500000000003
745,666.45,-814.1500000000003
746,620.95,-814.1500000000003
747,575.45,-814.1500000000003
748,529.95,-814.1500000000003
749,484.45,-814.1500000000003
750,438.95,-814.1500000000003
751,393.45,-814.1500000000003
752,347.95,-814.1500000000003
753,302.45,-814.1500000000003
754,256.95,-814.1500000000003
755,211.45,-814.1500000000003
756,165.95,-814.1500000000003
757,120.45,-814.1500000000003
758,74.95,-814.1500000000003
759,29.450000000000003,-814.1500000000003
760,-29.450000000000003,-814.1500000000003
761,-74.95,-814.1500000000003
762,-120.45,-814.1500000000003
763,-165.95,-814.1500000000003
764,-211.45,-814.1500000000003
765,-256.95,-814.1500000000003
766,-302.45,-814.1500000000003
767,-347.95,-814.1500000000003
768,-393.45,-814.1500000000003
769,-438.95,-814.1500000000003
770,-484.45,-814.1500000000003
771,-529.95,-814.1500000000003
772,-575.45,-814.1500000000003
773,-620.95,-814.1500000000003
774,-666.45,-814.1500000000003
775,-711.95,-814.1500000000003
776,-757.45,-814.1500000000003
777,666.45,-899.8500000000004
778,620.95,-899.8500000000004
779,575.45,-899.8500000000004
780,529.95,-899.8500000000004
781,484.45,-899.8500000000004
782,438.95,-899.8500000000004
783,393.45,-899.8500000000004
784,347.95,-899.8500000000004
785,302.45,-899.8500000000004
786,256.95,-899.8500000000004
787,211.45,-899.8500000000004
788,165.95,-899.8500000000004
789,120.45,-899.8500000000004
790,74.95,-899.8500000000004
791,29.450000000000003,-899.8500000000004
792,-29.450000000000003,-899.8500000000004
793,-74.95,-899.8500000000004
794,-120.45,-899.8500000000004
795,-165.95,-899.8500000000004
796,-211.45,-899.8500000000004
797,-256.95,-899.8500000000004
798,-302.45,-899.8500000000004
799,-347.95,-899.8500000000004
800,-393.45,-899.8500000000004
801,-438.95,-899.8500000000004
802,-484.45,-899.8500000000004
803,-529.95,-899.8500000000004
804,-575.45,-899.8500000000004
805,-620.95,-899.8500000000004
806,-666.45,-899.8500000000004
807,484.45,-985.5500000000004
808,438.95,-985.5500000000004
809,393.45,-985.5500000000004
810,347.95,-985.5500000000004
811,302.45,-985.5500000000004
812,256.95,-985.5500000000004
813,211.45,-985.5500000000004
814,165.95,-985.5500000000004
815,120.45,-985.5500000000004
816,74.95,-985.5500000000004
817,29.450000000000003,-985.5500000000004
818,-29.450000000000003,-985.5500000000004
819,-74.95,-985.5500000000004
820,-120.45,-985.5500000000004
821,-165.95,-985.5500000000004
822,-211.45,-985.5500000000004
823,-256.95,-985.5500000000004
824,-302.45,-985.5500000000004
825,-347.95,-985.5500000000004
826,-393.45,-985.5500000000004
827,-438.95,-985.5500000000004
828,-484.45,-985.5500000000004
829,211.45,-1071.2500000000005
830,165.95,-1071.2500000000005
831,-165.95,-1071.2500000000005
832,-211.45,-1071.2500000000005
833,-393.45,1071.25
834,393.45,1071.25
835,-575.45,985.55
836,575.45,985.55
837,-711.95,899.8499999999999
838,711.95,899.8499999999999
839,-802.95,814.1499999999999
840,802.95,814.1499999999999
841,-1075.95,299.94999999999976
842,1075.95,299.94999999999976
843,-1075.95,214.24999999999977
844,1075.95,214.24999999999977
845,-1075.95,128.54999999999978
846,1075.95,128.54999999999978
847,-1075.95,42.84999999999978
848,1075.95,42.84999999999978
849,-1075.95,-42.85000000000022
850,1075.95,-42.85000000000022
851,-1075.95,-128.55000000000024
852,1075.95,-128.55000000000024
853,-1075.95,-214.25000000000023
854,1075.95,-214.25000000000023
855,-1075.95,-299.9500000000002
856,1075.95,-299.9500000000002
857,-939.45,-642.7500000000002
858,939.45,-642.7500000000002
859,-802.95,-814.1500000000003
860,802.95,-814.1500000000003
861,-711.95,-899.8500000000004
862,711.95,-899.8500000000004
863,-529.95,-985.5500000000004
864,529.95,-985.5500000000004
865,-256.95,-1071.2500000000005
866,256.95,-1071.2500000000005
867,-256.95,-385.6500000000002
