,X,Y
0,-161.20000000000005,1114.1
1,-205.75000000000006,1114.1
2,-250.30000000000007,1114.1
3,383.9500000000001,1028.3999999999999
4,339.4000000000001,1028.3999999999999
5,294.8500000000001,1028.3999999999999
6,250.30000000000007,1028.3999999999999
7,205.75000000000006,1028.3999999999999
8,161.20000000000005,1028.3999999999999
9,116.65000000000003,1028.3999999999999
10,-116.65000000000003,1028.3999999999999
11,-161.20000000000005,1028.3999999999999
12,-205.75000000000006,1028.3999999999999
13,-250.30000000000007,1028.3999999999999
14,-294.8500000000001,1028.3999999999999
15,-339.4000000000001,1028.3999999999999
16,-383.9500000000001,1028.3999999999999
17,-428.5000000000001,1028.3999999999999
18,-473.0500000000001,1028.3999999999999
19,651.25,942.6999999999998
20,606.7,942.6999999999998
21,562.1500000000001,942.6999999999998
22,517.6000000000001,942.6999999999998
23,473.0500000000001,942.6999999999998
24,428.5000000000001,942.6999999999998
25,383.9500000000001,942.6999999999998
26,339.4000000000001,942.6999999999998
27,294.8500000000001,942.6999999999998
28,250.30000000000007,942.6999999999998
29,205.75000000000006,942.6999999999998
30,161.20000000000005,942.6999999999998
31,116.65000000000003,942.6999999999998
32,72.10000000000004,942.6999999999998
33,27.550000000000033,942.6999999999998
34,-27.550000000000033,942.6999999999998
35,-72.10000000000004,942.6999999999998
36,-116.65000000000003,942.6999999999998
37,-161.20000000000005,942.6999999999998
38,-205.75000000000006,942.6999999999998
39,-250.30000000000007,942.6999999999998
40,-294.8500000000001,942.6999999999998
41,-339.4000000000001,942.6999999999998
42,-383.9500000000001,942.6999999999998
43,-428.5000000000001,942.6999999999998
44,-473.0500000000001,942.6999999999998
45,-517.6000000000001,942.6999999999998
46,-562.1500000000001,942.6999999999998
47,-606.7,942.6999999999998
48,-651.25,942.6999999999998
49,740.3499999999999,856.9999999999998
50,695.8,856.9999999999998
51,651.25,856.9999999999998
52,606.7,856.9999999999998
53,562.1500000000001,856.9999999999998
54,517.6000000000001,856.9999999999998
55,473.0500000000001,856.9999999999998
56,428.5000000000001,856.9999999999998
57,383.9500000000001,856.9999999999998
58,339.4000000000001,856.9999999999998
59,294.8500000000001,856.9999999999998
60,250.30000000000007,856.9999999999998
61,205.75000000000006,856.9999999999998
62,161.20000000000005,856.9999999999998
63,116.65000000000003,856.9999999999998
64,72.10000000000004,856.9999999999998
65,27.550000000000033,856.9999999999998
66,-27.550000000000033,856.9999999999998
67,-72.10000000000004,856.9999999999998
68,-116.65000000000003,856.9999999999998
69,-161.20000000000005,856.9999999999998
70,-205.75000000000006,856.9999999999998
71,-250.30000000000007,856.9999999999998
72,-294.8500000000001,856.9999999999998
73,-339.4000000000001,856.9999999999998
74,-383.9500000000001,856.9999999999998
75,-428.5000000000001,856.9999999999998
76,-473.0500000000001,856.9999999999998
77,-517.6000000000001,856.9999999999998
78,-562.1500000000001,856.9999999999998
79,-606.7,856.9999999999998
80,-651.25,856.9999999999998
81,-695.8,856.9999999999998
82,-740.3499999999999,856.9999999999998
83,829.4499999999998,771.2999999999997
84,784.8999999999999,771.2999999999997
85,740.3499999999999,771.2999999999997
86,695.8,771.2999999999997
87,651.25,771.2999999999997
88,606.7,771.2999999999997
89,562.1500000000001,771.2999999999997
90,517.6000000000001,771.2999999999997
91,473.0500000000001,771.2999999999997
92,428.5000000000001,771.2999999999997
93,383.9500000000001,771.2999999999997
94,339.4000000000001,771.2999999999997
95,294.8500000000001,771.2999999999997
96,250.30000000000007,771.2999999999997
97,205.75000000000006,771.2999999999997
98,161.20000000000005,771.2999999999997
99,116.65000000000003,771.2999999999997
100,72.10000000000004,771.2999999999997
101,27.550000000000033,771.2999999999997
102,-27.550000000000033,771.2999999999997
103,-72.10000000000004,771.2999999999997
104,-116.65000000000003,771.2999999999997
105,-161.20000000000005,771.2999999999997
106,-205.75000000000006,771.2999999999997
107,-250.30000000000007,771.2999999999997
108,-294.8500000000001,771.2999999999997
109,-339.4000000000001,771.2999999999997
110,-383.9500000000001,771.2999999999997
111,-428.5000000000001,771.2999999999997
112,-473.0500000000001,771.2999999999997
113,-517.6000000000001,771.2999999999997
114,-562.1500000000001,771.2999999999997
115,-606.7,771.2999999999997
116,-651.25,771.2999999999997
117,-695.8,771.2999999999997
118,-740.3499999999999,771.2999999999997
119,-784.8999999999999,771.2999999999997
120,-829.4499999999998,771.2999999999997
121,918.5499999999997,685.5999999999997
122,873.9999999999998,685.5999999999997
123,829.4499999999998,685.5999999999997
124,784.8999999999999,685.5999999999997
125,740.3499999999999,685.5999999999997
126,695.8,685.5999999999997
127,651.25,685.5999999999997
128,606.7,685.5999999999997
129,562.1500000000001,685.5999999999997
130,517.6000000000001,685.5999999999997
131,473.0500000000001,685.5999999999997
132,428.5000000000001,685.5999999999997
133,383.9500000000001,685.5999999999997
134,339.4000000000001,685.5999999999997
135,294.8500000000001,685.5999999999997
136,250.30000000000007,685.5999999999997
137,205.75000000000006,685.5999999999997
138,161.20000000000005,685.5999999999997
139,116.65000000000003,685.5999999999997
140,72.10000000000004,685.5999999999997
141,27.550000000000033,685.5999999999997
142,-27.550000000000033,685.5999999999997
143,-72.10000000000004,685.5999999999997
144,-116.65000000000003,685.5999999999997
145,-161.20000000000005,685.5999999999997
146,-205.75000000000006,685.5999999999997
147,-250.30000000000007,685.5999999999997
148,-294.8500000000001,685.5999999999997
149,-339.4000000000001,685.5999999999997
150,-383.9500000000001,685.5999999999997
151,-428.5000000000001,685.5999999999997
152,-473.0500000000001,685.5999999999997
153,-517.6000000000001,685.5999999999997
154,-562.1500000000001,685.5999999999997
155,-606.7,685.5999999999997
156,-651.25,685.5999999999997
157,-695.8,685.5999999999997
158,-740.3499999999999,685.5999999999997
159,-784.8999999999999,685.5999999999997
160,-829.4499999999998,685.5999999999997
161,-873.9999999999998,685.5999999999997
162,-918.5499999999997,685.5999999999997
163,963.0999999999997,599.8999999999996
164,918.5499999999997,599.8999999999996
165,873.9999999999998,599.8999999999996
166,829.4499999999998,599.8999999999996
167,784.8999999999999,599.8999999999996
168,740.3499999999999,599.8999999999996
169,695.8,599.8999999999996
170,651.25,599.8999999999996
171,606.7,599.8999999999996
172,562.1500000000001,599.8999999999996
173,517.6000000000001,599.8999999999996
174,473.0500000000001,599.8999999999996
175,428.5000000000001,599.8999999999996
176,383.9500000000001,599.8999999999996
177,339.4000000000001,599.8999999999996
178,294.8500000000001,599.8999999999996
179,250.30000000000007,599.8999999999996
180,205.75000000000006,599.8999999999996
181,161.20000000000005,599.8999999999996
182,116.65000000000003,599.8999999999996
183,72.10000000000004,599.8999999999996
184,27.550000000000033,599.8999999999996
185,-27.550000000000033,599.8999999999996
186,-72.10000000000004,599.8999999999996
187,-116.65000000000003,599.8999999999996
188,-161.20000000000005,599.8999999999996
189,-205.75000000000006,599.8999999999996
190,-250.30000000000007,599.8999999999996
191,-294.8500000000001,599.8999999999996
192,-339.4000000000001,599.8999999999996
193,-383.9500000000001,599.8999999999996
194,-428.5000000000001,599.8999999999996
195,-473.0500000000001,599.8999999999996
196,-517.6000000000001,599.8999999999996
197,-562.1500000000001,599.8999999999996
198,-606.7,599.8999999999996
199,-651.25,599.8999999999996
200,-695.8,599.8999999999996
201,-740.3499999999999,599.8999999999996
202,-784.8999999999999,599.8999999999996
203,-829.4499999999998,599.8999999999996
204,-873.9999999999998,599.8999999999996
205,-918.5499999999997,599.8999999999996
206,-963.0999999999997,599.8999999999996
207,1007.6499999999996,514.1999999999996
208,963.0999999999997,514.1999999999996
209,918.5499999999997,514.1999999999996
210,873.9999999999998,514.1999999999996
211,829.4499999999998,514.1999999999996
212,784.8999999999999,514.1999999999996
213,740.3499999999999,514.1999999999996
214,695.8,514.1999999999996
215,651.25,514.1999999999996
216,606.7,514.1999999999996
217,562.1500000000001,514.1999999999996
218,517.6000000000001,514.1999999999996
219,473.0500000000001,514.1999999999996
220,428.5000000000001,514.1999999999996
221,383.9500000000001,514.1999999999996
222,339.4000000000001,514.1999999999996
223,294.8500000000001,514.1999999999996
224,250.30000000000007,514.1999999999996
225,205.75000000000006,514.1999999999996
226,161.20000000000005,514.1999999999996
227,116.65000000000003,514.1999999999996
228,72.10000000000004,514.1999999999996
229,27.550000000000033,514.1999999999996
230,-27.550000000000033,514.1999999999996
231,-72.10000000000004,514.1999999999996
232,-116.65000000000003,514.1999999999996
233,-161.20000000000005,514.1999999999996
234,-205.75000000000006,514.1999999999996
235,-250.30000000000007,514.1999999999996
236,-294.8500000000001,514.1999999999996
237,-339.4000000000001,514.1999999999996
238,-383.9500000000001,514.1999999999996
239,-428.5000000000001,514.1999999999996
240,-473.0500000000001,514.1999999999996
241,-517.6000000000001,514.1999999999996
242,-562.1500000000001,514.1999999999996
243,-606.7,514.1999999999996
244,-651.25,514.1999999999996
245,-695.8,514.1999999999996
246,-740.3499999999999,514.1999999999996
247,-784.8999999999999,514.1999999999996
248,-829.4499999999998,514.1999999999996
249,-873.9999999999998,514.1999999999996
250,-918.5499999999997,514.1999999999996
251,-963.0999999999997,514.1999999999996
252,-1007.6499999999996,514.1999999999996
253,963.0999999999997,428.4999999999996
254,918.5499999999997,428.4999999999996
255,873.9999999999998,428.4999999999996
256,829.4499999999998,428.4999999999996
257,784.8999999999999,428.4999999999996
258,740.3499999999999,428.4999999999996
259,695.8,428.4999999999996
260,651.25,428.4999999999996
261,606.7,428.4999999999996
262,562.1500000000001,428.4999999999996
263,517.6000000000001,428.4999999999996
264,473.0500000000001,428.4999999999996
265,428.5000000000001,428.4999999999996
266,383.9500000000001,428.4999999999996
267,339.4000000000001,428.4999999999996
268,294.8500000000001,428.4999999999996
269,250.30000000000007,428.4999999999996
270,205.75000000000006,428.4999999999996
271,161.20000000000005,428.4999999999996
272,116.65000000000003,428.4999999999996
273,72.10000000000004,428.4999999999996
274,27.550000000000033,428.4999999999996
275,-27.550000000000033,428.4999999999996
276,-72.10000000000004,428.4999999999996
277,-116.65000000000003,428.4999999999996
278,-250.30000000000007,428.4999999999996
279,-294.8500000000001,428.4999999999996
280,-339.4000000000001,428.4999999999996
281,-383.9500000000001,428.4999999999996
282,-428.5000000000001,428.4999999999996
283,-473.0500000000001,428.4999999999996
284,-517.6000000000001,428.4999999999996
285,-562.1500000000001,428.4999999999996
286,-606.7,428.4999999999996
287,-651.25,428.4999999999996
288,-695.8,428.4999999999996
289,-740.3499999999999,428.4999999999996
290,-784.8999999999999,428.4999999999996
291,-829.4499999999998,428.4999999999996
292,-873.9999999999998,428.4999999999996
293,-918.5499999999997,428.4999999999996
294,-963.0999999999997,428.4999999999996
295,963.0999999999997,342.7999999999996
296,918.5499999999997,342.7999999999996
297,873.9999999999998,342.7999999999996
298,829.4499999999998,342.7999999999996
299,784.8999999999999,342.7999999999996
300,740.3499999999999,342.7999999999996
301,695.8,342.7999999999996
302,651.25,342.7999999999996
303,606.7,342.7999999999996
304,562.1500000000001,342.7999999999996
305,517.6000000000001,342.7999999999996
306,473.0500000000001,342.7999999999996
307,428.5000000000001,342.7999999999996
308,383.9500000000001,342.7999999999996
309,339.4000000000001,342.7999999999996
310,294.8500000000001,342.7999999999996
311,-294.8500000000001,342.7999999999996
312,-339.4000000000001,342.7999999999996
313,-383.9500000000001,342.7999999999996
314,-428.5000000000001,342.7999999999996
315,-473.0500000000001,342.7999999999996
316,-517.6000000000001,342.7999999999996
317,-562.1500000000001,342.7999999999996
318,-606.7,342.7999999999996
319,-651.25,342.7999999999996
320,-695.8,342.7999999999996
321,-740.3499999999999,342.7999999999996
322,-784.8999999999999,342.7999999999996
323,-829.4499999999998,342.7999999999996
324,-873.9999999999998,342.7999999999996
325,-918.5499999999997,342.7999999999996
326,-963.0999999999997,342.7999999999996
327,-1007.6499999999996,342.7999999999996
328,-1052.1999999999996,342.7999999999996
329,-1096.7499999999995,342.7999999999996
330,1096.7499999999995,257.0999999999996
331,1052.1999999999996,257.0999999999996
332,1007.6499999999996,257.0999999999996
333,963.0999999999997,257.0999999999996
334,918.5499999999997,257.0999999999996
335,873.9999999999998,257.0999999999996
336,829.4499999999998,257.0999999999996
337,784.8999999999999,257.0999999999996
338,740.3499999999999,257.0999999999996
339,695.8,257.0999999999996
340,651.25,257.0999999999996
341,606.7,257.0999999999996
342,562.1500000000001,257.0999999999996
343,517.6000000000001,257.0999999999996
344,473.0500000000001,257.0999999999996
345,428.5000000000001,257.0999999999996
346,383.9500000000001,257.0999999999996
347,339.4000000000001,257.0999999999996
348,294.8500000000001,257.0999999999996
349,-294.8500000000001,257.0999999999996
350,-339.4000000000001,257.0999999999996
351,-383.9500000000001,257.0999999999996
352,-428.5000000000001,257.0999999999996
353,-473.0500000000001,257.0999999999996
354,-517.6000000000001,257.0999999999996
355,-562.1500000000001,257.0999999999996
356,-606.7,257.0999999999996
357,-651.25,257.0999999999996
358,-695.8,257.0999999999996
359,-740.3499999999999,257.0999999999996
360,-784.8999999999999,257.0999999999996
361,-829.4499999999998,257.0999999999996
362,-873.9999999999998,257.0999999999996
363,-918.5499999999997,257.0999999999996
364,-963.0999999999997,257.0999999999996
365,-1007.6499999999996,257.0999999999996
366,-1052.1999999999996,257.0999999999996
367,-1096.7499999999995,257.0999999999996
368,1141.2999999999995,171.39999999999964
369,1096.7499999999995,171.39999999999964
370,1052.1999999999996,171.39999999999964
371,1007.6499999999996,171.39999999999964
372,963.0999999999997,171.39999999999964
373,918.5499999999997,171.39999999999964
374,873.9999999999998,171.39999999999964
375,829.4499999999998,171.39999999999964
376,784.8999999999999,171.39999999999964
377,740.3499999999999,171.39999999999964
378,695.8,171.39999999999964
379,651.25,171.39999999999964
380,606.7,171.39999999999964
381,562.1500000000001,171.39999999999964
382,517.6000000000001,171.39999999999964
383,473.0500000000001,171.39999999999964
384,428.5000000000001,171.39999999999964
385,383.9500000000001,171.39999999999964
386,339.4000000000001,171.39999999999964
387,-339.4000000000001,171.39999999999964
388,-383.9500000000001,171.39999999999964
389,-428.5000000000001,171.39999999999964
390,-473.0500000000001,171.39999999999964
391,-517.6000000000001,171.39999999999964
392,-562.1500000000001,171.39999999999964
393,-606.7,171.39999999999964
394,-651.25,171.39999999999964
395,-695.8,171.39999999999964
396,-740.3499999999999,171.39999999999964
397,-784.8999999999999,171.39999999999964
398,-829.4499999999998,171.39999999999964
399,-873.9999999999998,171.39999999999964
400,-918.5499999999997,171.39999999999964
401,-963.0999999999997,171.39999999999964
402,-1007.6499999999996,171.39999999999964
403,-1052.1999999999996,171.39999999999964
404,-1096.7499999999995,171.39999999999964
405,-1141.2999999999995,171.39999999999964
406,1141.2999999999995,85.69999999999963
407,1096.7499999999995,85.69999999999963
408,1052.1999999999996,85.69999999999963
409,1007.6499999999996,85.69999999999963
410,963.0999999999997,85.69999999999963
411,918.5499999999997,85.69999999999963
412,873.9999999999998,85.69999999999963
413,829.4499999999998,85.69999999999963
414,784.8999999999999,85.69999999999963
415,740.3499999999999,85.69999999999963
416,695.8,85.69999999999963
417,651.25,85.69999999999963
418,606.7,85.69999999999963
419,562.1500000000001,85.69999999999963
420,517.6000000000001,85.69999999999963
421,473.0500000000001,85.69999999999963
422,428.5000000000001,85.69999999999963
423,383.9500000000001,85.69999999999963
424,-473.0500000000001,85.69999999999963
425,-517.6000000000001,85.69999999999963
426,-562.1500000000001,85.69999999999963
427,-606.7,85.69999999999963
428,-651.25,85.69999999999963
429,-695.8,85.69999999999963
430,-740.3499999999999,85.69999999999963
431,-784.8999999999999,85.69999999999963
432,-829.4499999999998,85.69999999999963
433,-873.9999999999998,85.69999999999963
434,-918.5499999999997,85.69999999999963
435,-963.0999999999997,85.69999999999963
436,-1007.6499999999996,85.69999999999963
437,-1052.1999999999996,85.69999999999963
438,-1096.7499999999995,85.69999999999963
439,-1141.2999999999995,85.69999999999963
440,1141.2999999999995,-3.694822225952521e-13
441,1096.7499999999995,-3.694822225952521e-13
442,1052.1999999999996,-3.694822225952521e-13
443,1007.6499999999996,-3.694822225952521e-13
444,963.0999999999997,-3.694822225952521e-13
445,918.5499999999997,-3.694822225952521e-13
446,873.9999999999998,-3.694822225952521e-13
447,829.4499999999998,-3.694822225952521e-13
448,784.8999999999999,-3.694822225952521e-13
449,740.3499999999999,-3.694822225952521e-13
450,695.8,-3.694822225952521e-13
451,651.25,-3.694822225952521e-13
452,606.7,-3.694822225952521e-13
453,562.1500000000001,-3.694822225952521e-13
454,517.6000000000001,-3.694822225952521e-13
455,473.0500000000001,-3.694822225952521e-13
456,-473.0500000000001,-3.694822225952521e-13
457,-517.6000000000001,-3.694822225952521e-13
458,-562.1500000000001,-3.694822225952521e-13
459,-606.7,-3.694822225952521e-13
460,-651.25,-3.694822225952521e-13
461,-695.8,-3.694822225952521e-13
462,-740.3499999999999,-3.694822225952521e-13
463,-784.8999999999999,-3.694822225952521e-13
464,-829.4499999999998,-3.694822225952521e-13
465,-873.9999999999998,-3.694822225952521e-13
466,-918.5499999999997,-3.694822225952521e-13
467,-963.0999999999997,-3.694822225952521e-13
468,-1007.6499999999996,-3.694822225952521e-13
469,-1052.1999999999996,-3.694822225952521e-13
470,-1096.7499999999995,-3.694822225952521e-13
471,-1141.2999999999995,-3.694822225952521e-13
472,1141.2999999999995,-85.70000000000037
473,1096.7499999999995,-85.70000000000037
474,1052.1999999999996,-85.70000000000037
475,1007.6499999999996,-85.70000000000037
476,963.0999999999997,-85.70000000000037
477,918.5499999999997,-85.70000000000037
478,873.9999999999998,-85.70000000000037
479,829.4499999999998,-85.70000000000037
480,784.8999999999999,-85.70000000000037
481,740.3499999999999,-85.70000000000037
482,695.8,-85.70000000000037
483,651.25,-85.70000000000037
484,606.7,-85.70000000000037
485,562.1500000000001,-85.70000000000037
486,517.6000000000001,-85.70000000000037
487,473.0500000000001,-85.70000000000037
488,-383.9500000000001,-85.70000000000037
489,-428.5000000000001,-85.70000000000037
490,-473.0500000000001,-85.70000000000037
491,-517.6000000000001,-85.70000000000037
492,-562.1500000000001,-85.70000000000037
493,-606.7,-85.70000000000037
494,-651.25,-85.70000000000037
495,-695.8,-85.70000000000037
496,-740.3499999999999,-85.70000000000037
497,-784.8999999999999,-85.70000000000037
498,-829.4499999999998,-85.70000000000037
499,-873.9999999999998,-85.70000000000037
500,-918.5499999999997,-85.70000000000037
501,-963.0999999999997,-85.70000000000037
502,-1007.6499999999996,-85.70000000000037
503,-1052.1999999999996,-85.70000000000037
504,-1096.7499999999995,-85.70000000000037
505,-1141.2999999999995,-85.70000000000037
506,1141.2999999999995,-171.40000000000038
507,1096.7499999999995,-171.40000000000038
508,1052.1999999999996,-171.40000000000038
509,1007.6499999999996,-171.40000000000038
510,963.0999999999997,-171.40000000000038
511,918.5499999999997,-171.40000000000038
512,873.9999999999998,-171.40000000000038
513,829.4499999999998,-171.40000000000038
514,784.8999999999999,-171.40000000000038
515,740.3499999999999,-171.40000000000038
516,695.8,-171.40000000000038
517,651.25,-171.40000000000038
518,606.7,-171.40000000000038
519,562.1500000000001,-171.40000000000038
520,517.6000000000001,-171.40000000000038
521,473.0500000000001,-171.40000000000038
522,428.5000000000001,-171.40000000000038
523,383.9500000000001,-171.40000000000038
524,339.4000000000001,-171.40000000000038
525,-339.4000000000001,-171.40000000000038
526,-383.9500000000001,-171.40000000000038
527,-428.5000000000001,-171.40000000000038
528,-473.0500000000001,-171.40000000000038
529,-517.6000000000001,-171.40000000000038
530,-562.1500000000001,-171.40000000000038
531,-606.7,-171.40000000000038
532,-651.25,-171.40000000000038
533,-695.8,-171.40000000000038
534,-740.3499999999999,-171.40000000000038
535,-784.8999999999999,-171.40000000000038
536,-829.4499999999998,-171.40000000000038
537,-873.9999999999998,-171.40000000000038
538,-918.5499999999997,-171.40000000000038
539,-963.0999999999997,-171.40000000000038
540,-1007.6499999999996,-171.40000000000038
541,-1052.1999999999996,-171.40000000000038
542,-1096.7499999999995,-171.40000000000038
543,-1141.2999999999995,-171.40000000000038
544,1096.7499999999995,-257.10000000000036
545,1052.1999999999996,-257.10000000000036
546,1007.6499999999996,-257.10000000000036
547,963.0999999999997,-257.10000000000036
548,918.5499999999997,-257.10000000000036
549,873.9999999999998,-257.10000000000036
550,829.4499999999998,-257.10000000000036
551,784.8999999999999,-257.10000000000036
552,740.3499999999999,-257.10000000000036
553,695.8,-257.10000000000036
554,651.25,-257.10000000000036
555,606.7,-257.10000000000036
556,562.1500000000001,-257.10000000000036
557,517.6000000000001,-257.10000000000036
558,473.0500000000001,-257.10000000000036
559,428.5000000000001,-257.10000000000036
560,383.9500000000001,-257.10000000000036
561,339.4000000000001,-257.10000000000036
562,294.8500000000001,-257.10000000000036
563,-294.8500000000001,-257.10000000000036
564,-339.4000000000001,-257.10000000000036
565,-383.9500000000001,-257.10000000000036
566,-428.5000000000001,-257.10000000000036
567,-473.0500000000001,-257.10000000000036
568,-517.6000000000001,-257.10000000000036
569,-562.1500000000001,-257.10000000000036
570,-606.7,-257.10000000000036
571,-651.25,-257.10000000000036
572,-695.8,-257.10000000000036
573,-740.3499999999999,-257.10000000000036
574,-784.8999999999999,-257.10000000000036
575,-829.4499999999998,-257.10000000000036
576,-873.9999999999998,-257.10000000000036
577,-918.5499999999997,-257.10000000000036
578,-963.0999999999997,-257.10000000000036
579,-1007.6499999999996,-257.10000000000036
580,-1052.1999999999996,-257.10000000000036
581,-1096.7499999999995,-257.10000000000036
582,1096.7499999999995,-342.80000000000035
583,1052.1999999999996,-342.80000000000035
584,1007.6499999999996,-342.80000000000035
585,963.0999999999997,-342.80000000000035
586,918.5499999999997,-342.80000000000035
587,873.9999999999998,-342.80000000000035
588,829.4499999999998,-342.80000000000035
589,784.8999999999999,-342.80000000000035
590,740.3499999999999,-342.80000000000035
591,695.8,-342.80000000000035
592,651.25,-342.80000000000035
593,606.7,-342.80000000000035
594,562.1500000000001,-342.80000000000035
595,517.6000000000001,-342.80000000000035
596,473.0500000000001,-342.80000000000035
597,428.5000000000001,-342.80000000000035
598,383.9500000000001,-342.80000000000035
599,339.4000000000001,-342.80000000000035
600,294.8500000000001,-342.80000000000035
601,-294.8500000000001,-342.80000000000035
602,-339.4000000000001,-342.80000000000035
603,-383.9500000000001,-342.80000000000035
604,-428.5000000000001,-342.80000000000035
605,-473.0500000000001,-342.80000000000035
606,-517.6000000000001,-342.80000000000035
607,-562.1500000000001,-342.80000000000035
608,-606.7,-342.80000000000035
609,-651.25,-342.80000000000035
610,-695.8,-342.80000000000035
611,-740.3499999999999,-342.80000000000035
612,-784.8999999999999,-342.80000000000035
613,-829.4499999999998,-342.80000000000035
614,-873.9999999999998,-342.80000000000035
615,-918.5499999999997,-342.80000000000035
616,-963.0999999999997,-342.80000000000035
617,963.0999999999997,-428.50000000000034
618,918.5499999999997,-428.50000000000034
619,873.9999999999998,-428.50000000000034
620,829.4499999999998,-428.50000000000034
621,784.8999999999999,-428.50000000000034
622,740.3499999999999,-428.50000000000034
623,695.8,-428.50000000000034
624,651.25,-428.50000000000034
625,606.7,-428.50000000000034
626,562.1500000000001,-428.50000000000034
627,517.6000000000001,-428.50000000000034
628,473.0500000000001,-428.50000000000034
629,428.5000000000001,-428.50000000000034
630,383.9500000000001,-428.50000000000034
631,339.4000000000001,-428.50000000000034
632,294.8500000000001,-428.50000000000034
633,250.30000000000007,-428.50000000000034
634,116.65000000000003,-428.50000000000034
635,72.10000000000004,-428.50000000000034
636,27.550000000000033,-428.50000000000034
637,-27.550000000000033,-428.50000000000034
638,-72.10000000000004,-428.50000000000034
639,-116.65000000000003,-428.50000000000034
640,-161.20000000000005,-428.50000000000034
641,-205.75000000000006,-428.50000000000034
642,-250.30000000000007,-428.50000000000034
643,-294.8500000000001,-428.50000000000034
644,-339.4000000000001,-428.50000000000034
645,-383.9500000000001,-428.50000000000034
646,-428.5000000000001,-428.50000000000034
647,-473.0500000000001,-428.50000000000034
648,-517.6000000000001,-428.50000000000034
649,-562.1500000000001,-428.50000000000034
650,-606.7,-428.50000000000034
651,-651.25,-428.50000000000034
652,-695.8,-428.50000000000034
653,-740.3499999999999,-428.50000000000034
654,-784.8999999999999,-428.50000000000034
655,-829.4499999999998,-428.50000000000034
656,-873.9999999999998,-428.50000000000034
657,-918.5499999999997,-428.50000000000034
658,-963.0999999999997,-428.50000000000034
659,1007.6499999999996,-514.2000000000004
660,963.0999999999997,-514.2000000000004
661,918.5499999999997,-514.2000000000004
662,873.9999999999998,-514.2000000000004
663,829.4499999999998,-514.2000000000004
664,784.8999999999999,-514.2000000000004
665,740.3499999999999,-514.2000000000004
666,695.8,-514.2000000000004
667,651.25,-514.2000000000004
668,606.7,-514.2000000000004
669,562.1500000000001,-514.2000000000004
670,517.6000000000001,-514.2000000000004
671,473.0500000000001,-514.2000000000004
672,428.5000000000001,-514.2000000000004
673,383.9500000000001,-514.2000000000004
674,339.4000000000001,-514.2000000000004
675,294.8500000000001,-514.2000000000004
676,250.30000000000007,-514.2000000000004
677,205.75000000000006,-514.2000000000004
678,161.20000000000005,-514.2000000000004
679,116.65000000000003,-514.2000000000004
680,72.10000000000004,-514.2000000000004
681,27.550000000000033,-514.2000000000004
682,-27.550000000000033,-514.2000000000004
683,-72.10000000000004,-514.2000000000004
684,-116.65000000000003,-514.2000000000004
685,-161.20000000000005,-514.2000000000004
686,-205.75000000000006,-514.2000000000004
687,-250.30000000000007,-514.2000000000004
688,-294.8500000000001,-514.2000000000004
689,-339.4000000000001,-514.2000000000004
690,-383.9500000000001,-514.2000000000004
691,-428.5000000000001,-514.2000000000004
692,-473.0500000000001,-514.2000000000004
693,-517.6000000000001,-514.2000000000004
694,-562.1500000000001,-514.2000000000004
695,-606.7,-514.2000000000004
696,-651.25,-514.2000000000004
697,-695.8,-514.2000000000004
698,-740.3499999999999,-514.2000000000004
699,-784.8999999999999,-514.2000000000004
700,-829.4499999999998,-514.2000000000004
701,-873.9999999999998,-514.2000000000004
702,-918.5499999999997,-514.2000000000004
703,-963.0999999999997,-514.2000000000004
704,-1007.6499999999996,-514.2000000000004
705,963.0999999999997,-599.9000000000004
706,918.5499999999997,-599.9000000000004
707,873.9999999999998,-599.9000000000004
708,829.4499999999998,-599.9000000000004
709,784.8999999999999,-599.9000000000004
710,740.3499999999999,-599.9000000000004
711,695.8,-599.9000000000004
712,651.25,-599.9000000000004
713,606.7,-599.9000000000004
714,562.1500000000001,-599.9000000000004
715,517.6000000000001,-599.9000000000004
716,473.0500000000001,-599.9000000000004
717,428.5000000000001,-599.9000000000004
718,383.9500000000001,-599.9000000000004
719,339.4000000000001,-599.9000000000004
720,294.8500000000001,-599.9000000000004
721,250.30000000000007,-599.9000000000004
722,205.75000000000006,-599.9000000000004
723,161.20000000000005,-599.9000000000004
724,116.65000000000003,-599.9000000000004
725,72.10000000000004,-599.9000000000004
726,27.550000000000033,-599.9000000000004
727,-27.550000000000033,-599.9000000000004
728,-72.10000000000004,-599.9000000000004
729,-116.65000000000003,-599.9000000000004
730,-161.20000000000005,-599.9000000000004
731,-205.75000000000006,-599.9000000000004
732,-250.30000000000007,-599.9000000000004
733,-294.8500000000001,-599.9000000000004
734,-339.4000000000001,-599.9000000000004
735,-383.9500000000001,-599.9000000000004
736,-428.5000000000001,-599.9000000000004
737,-473.0500000000001,-599.9000000000004
738,-517.6000000000001,-599.9000000000004
739,-562.1500000000001,-599.9000000000004
740,-606.7,-599.9000000000004
741,-651.25,-599.9000000000004
742,-695.8,-599.9000000000004
743,-740.3499999999999,-599.9000000000004
744,-784.8999999999999,-599.9000000000004
745,-829.4499999999998,-599.9000000000004
746,-873.9999999999998,-599.9000000000004
747,-918.5499999999997,-599.9000000000004
748,-963.0999999999997,-599.9000000000004
749,918.5499999999997,-685.6000000000005
750,873.9999999999998,-685.6000000000005
751,829.4499999999998,-685.6000000000005
752,784.8999999999999,-685.6000000000005
753,740.3499999999999,-685.6000000000005
754,695.8,-685.6000000000005
755,651.25,-685.6000000000005
756,606.7,-685.6000000000005
757,562.1500000000001,-685.6000000000005
758,517.6000000000001,-685.6000000000005
759,473.0500000000001,-685.6000000000005
760,428.5000000000001,-685.6000000000005
761,383.9500000000001,-685.6000000000005
762,339.4000000000001,-685.6000000000005
763,294.8500000000001,-685.6000000000005
764,250.30000000000007,-685.6000000000005
765,205.75000000000006,-685.6000000000005
766,161.20000000000005,-685.6000000000005
767,116.65000000000003,-685.6000000000005
768,72.10000000000004,-685.6000000000005
769,27.550000000000033,-685.6000000000005
770,-27.550000000000033,-685.6000000000005
771,-72.10000000000004,-685.6000000000005
772,-116.65000000000003,-685.6000000000005
773,-161.20000000000005,-685.6000000000005
774,-205.75000000000006,-685.6000000000005
775,-250.30000000000007,-685.6000000000005
776,-294.8500000000001,-685.6000000000005
777,-339.4000000000001,-685.6000000000005
778,-383.9500000000001,-685.6000000000005
779,-428.5000000000001,-685.6000000000005
780,-473.0500000000001,-685.6000000000005
781,-517.6000000000001,-685.6000000000005
782,-562.1500000000001,-685.6000000000005
783,-606.7,-685.6000000000005
784,-651.25,-685.6000000000005
785,-695.8,-685.6000000000005
786,-740.3499999999999,-685.6000000000005
787,-784.8999999999999,-685.6000000000005
788,-829.4499999999998,-685.6000000000005
789,-873.9999999999998,-685.6000000000005
790,-918.5499999999997,-685.6000000000005
791,829.4499999999998,-771.3000000000005
792,784.8999999999999,-771.3000000000005
793,740.3499999999999,-771.3000000000005
794,695.8,-771.3000000000005
795,651.25,-771.3000000000005
796,606.7,-771.3000000000005
797,562.1500000000001,-771.3000000000005
798,517.6000000000001,-771.3000000000005
799,473.0500000000001,-771.3000000000005
800,428.5000000000001,-771.3000000000005
801,383.9500000000001,-771.3000000000005
802,339.4000000000001,-771.3000000000005
803,294.8500000000001,-771.3000000000005
804,250.30000000000007,-771.3000000000005
805,205.75000000000006,-771.3000000000005
806,161.20000000000005,-771.3000000000005
807,116.65000000000003,-771.3000000000005
808,72.10000000000004,-771.3000000000005
809,27.550000000000033,-771.3000000000005
810,-27.550000000000033,-771.3000000000005
811,-72.10000000000004,-771.3000000000005
812,-116.65000000000003,-771.3000000000005
813,-161.20000000000005,-771.3000000000005
814,-205.75000000000006,-771.3000000000005
815,-250.30000000000007,-771.3000000000005
816,-294.8500000000001,-771.3000000000005
817,-339.4000000000001,-771.3000000000005
818,-383.9500000000001,-771.3000000000005
819,-428.5000000000001,-771.3000000000005
820,-473.0500000000001,-771.3000000000005
821,-517.6000000000001,-771.3000000000005
822,-562.1500000000001,-771.3000000000005
823,-606.7,-771.3000000000005
824,-651.25,-771.3000000000005
825,-695.8,-771.3000000000005
826,-740.3499999999999,-771.3000000000005
827,-784.8999999999999,-771.3000000000005
828,-829.4499999999998,-771.3000000000005
829,740.3499999999999,-857.0000000000006
830,695.8,-857.0000000000006
831,651.25,-857.0000000000006
832,606.7,-857.0000000000006
833,562.1500000000001,-857.0000000000006
834,517.6000000000001,-857.0000000000006
835,473.0500000000001,-857.0000000000006
836,428.5000000000001,-857.0000000000006
837,383.9500000000001,-857.0000000000006
838,339.4000000000001,-857.0000000000006
839,294.8500000000001,-857.0000000000006
840,250.30000000000007,-857.0000000000006
841,205.75000000000006,-857.0000000000006
842,161.20000000000005,-857.0000000000006
843,116.65000000000003,-857.0000000000006
844,72.10000000000004,-857.0000000000006
845,27.550000000000033,-857.0000000000006
846,-27.550000000000033,-857.0000000000006
847,-72.10000000000004,-857.0000000000006
848,-116.65000000000003,-857.0000000000006
849,-161.20000000000005,-857.0000000000006
850,-205.75000000000006,-857.0000000000006
851,-250.30000000000007,-857.0000000000006
852,-294.8500000000001,-857.0000000000006
853,-339.4000000000001,-857.0000000000006
854,-383.9500000000001,-857.0000000000006
855,-428.5000000000001,-857.0000000000006
856,-473.0500000000001,-857.0000000000006
857,-517.6000000000001,-857.0000000000006
858,-562.1500000000001,-857.0000000000006
859,-606.7,-857.0000000000006
860,-651.25,-857.0000000000006
861,-695.8,-857.0000000000006
862,-740.3499999999999,-857.0000000000006
863,651.25,-942.7000000000006
864,606.7,-942.7000000000006
865,562.1500000000001,-942.7000000000006
866,517.6000000000001,-942.7000000000006
867,473.0500000000001,-942.7000000000006
868,428.5000000000001,-942.7000000000006
869,383.9500000000001,-942.7000000000006
870,339.4000000000001,-942.7000000000006
871,294.8500000000001,-942.7000000000006
872,250.30000000000007,-942.7000000000006
873,205.75000000000006,-942.7000000000006
874,161.20000000000005,-942.7000000000006
875,116.65000000000003,-942.7000000000006
876,72.10000000000004,-942.7000000000006
877,27.550000000000033,-942.7000000000006
878,-27.550000000000033,-942.7000000000006
879,-72.10000000000004,-942.7000000000006
880,-116.65000000000003,-942.7000000000006
881,-161.20000000000005,-942.7000000000006
882,-205.75000000000006,-942.7000000000006
883,-250.30000000000007,-942.7000000000006
884,-294.8500000000001,-942.7000000000006
885,-339.4000000000001,-942.7000000000006
886,-383.9500000000001,-942.7000000000006
887,-428.5000000000001,-942.7000000000006
888,-473.0500000000001,-942.7000000000006
889,-517.6000000000001,-942.7000000000006
890,-562.1500000000001,-942.7000000000006
891,-606.7,-942.7000000000006
892,-651.25,-942.7000000000006
893,473.0500000000001,-1028.4000000000005
894,428.5000000000001,-1028.4000000000005
895,383.9500000000001,-1028.4000000000005
896,339.4000000000001,-1028.4000000000005
897,294.8500000000001,-1028.4000000000005
898,250.30000000000007,-1028.4000000000005
899,205.75000000000006,-1028.4000000000005
900,161.20000000000005,-1028.4000000000005
901,116.65000000000003,-1028.4000000000005
902,-116.65000000000003,-1028.4000000000005
903,-161.20000000000005,-1028.4000000000005
904,-205.75000000000006,-1028.4000000000005
905,-250.30000000000007,-1028.4000000000005
906,-294.8500000000001,-1028.4000000000005
907,-339.4000000000001,-1028.4000000000005
908,250.30000000000007,-1114.1000000000006
909,205.75000000000006,-1114.1000000000006
910,161.20000000000005,-1114.1000000000006
911,116.65000000000003,-1114.1000000000006
