,X,Y
0,-120.45000000000003,1114.1
1,-165.95000000000005,1114.1
2,-211.45000000000005,1114.1
3,-256.95000000000005,1114.1
4,484.45000000000005,1028.3999999999999
5,438.95000000000005,1028.3999999999999
6,393.45000000000005,1028.3999999999999
7,347.95000000000005,1028.3999999999999
8,302.45000000000005,1028.3999999999999
9,256.95000000000005,1028.3999999999999
10,211.45000000000005,1028.3999999999999
11,165.95000000000005,1028.3999999999999
12,120.45000000000003,1028.3999999999999
13,-120.45000000000003,1028.3999999999999
14,-165.95000000000005,1028.3999999999999
15,-211.45000000000005,1028.3999999999999
16,-256.95000000000005,1028.3999999999999
17,-302.45000000000005,1028.3999999999999
18,-347.95000000000005,1028.3999999999999
19,-393.45000000000005,1028.3999999999999
20,-438.95000000000005,1028.3999999999999
21,-484.45000000000005,1028.3999999999999
22,620.95,942.6999999999998
23,575.45,942.6999999999998
24,529.95,942.6999999999998
25,484.45000000000005,942.6999999999998
26,438.95000000000005,942.6999999999998
27,393.45000000000005,942.6999999999998
28,347.95000000000005,942.6999999999998
29,302.45000000000005,942.6999999999998
30,256.95000000000005,942.6999999999998
31,211.45000000000005,942.6999999999998
32,165.95000000000005,942.6999999999998
33,120.45000000000003,942.6999999999998
34,74.95000000000003,942.6999999999998
35,29.45000000000003,942.6999999999998
36,-29.45000000000003,942.6999999999998
37,-74.95000000000003,942.6999999999998
38,-120.45000000000003,942.6999999999998
39,-165.95000000000005,942.6999999999998
40,-211.45000000000005,942.6999999999998
41,-256.95000000000005,942.6999999999998
42,-302.45000000000005,942.6999999999998
43,-347.95000000000005,942.6999999999998
44,-393.45000000000005,942.6999999999998
45,-438.95000000000005,942.6999999999998
46,-484.45000000000005,942.6999999999998
47,-529.95,942.6999999999998
48,-575.45,942.6999999999998
49,-620.95,942.6999999999998
50,757.45,856.9999999999998
51,711.95,856.9999999999998
52,666.45,856.9999999999998
53,620.95,856.9999999999998
54,575.45,856.9999999999998
55,529.95,856.9999999999998
56,484.45000000000005,856.9999999999998
57,438.95000000000005,856.9999999999998
58,393.45000000000005,856.9999999999998
59,347.95000000000005,856.9999999999998
60,302.45000000000005,856.9999999999998
61,256.95000000000005,856.9999999999998
62,211.45000000000005,856.9999999999998
63,165.95000000000005,856.9999999999998
64,120.45000000000003,856.9999999999998
65,74.95000000000003,856.9999999999998
66,29.45000000000003,856.9999999999998
67,-29.45000000000003,856.9999999999998
68,-74.95000000000003,856.9999999999998
69,-120.45000000000003,856.9999999999998
70,-165.95000000000005,856.9999999999998
71,-211.45000000000005,856.9999999999998
72,-256.95000000000005,856.9999999999998
73,-302.45000000000005,856.9999999999998
74,-347.95000000000005,856.9999999999998
75,-393.45000000000005,856.9999999999998
76,-438.95000000000005,856.9999999999998
77,-484.45000000000005,856.9999999999998
78,-529.95,856.9999999999998
79,-575.45,856.9999999999998
80,-620.95,856.9999999999998
81,-666.45,856.9999999999998
82,-711.95,856.9999999999998
83,-757.45,856.9999999999998
84,848.45,771.2999999999997
85,802.95,771.2999999999997
86,757.45,771.2999999999997
87,711.95,771.2999999999997
88,666.45,771.2999999999997
89,620.95,771.2999999999997
90,575.45,771.2999999999997
91,529.95,771.2999999999997
92,484.45000000000005,771.2999999999997
93,438.95000000000005,771.2999999999997
94,393.45000000000005,771.2999999999997
95,347.95000000000005,771.2999999999997
96,302.45000000000005,771.2999999999997
97,256.95000000000005,771.2999999999997
98,211.45000000000005,771.2999999999997
99,165.95000000000005,771.2999999999997
100,120.45000000000003,771.2999999999997
101,74.95000000000003,771.2999999999997
102,29.45000000000003,771.2999999999997
103,-29.45000000000003,771.2999999999997
104,-74.95000000000003,771.2999999999997
105,-120.45000000000003,771.2999999999997
106,-165.95000000000005,771.2999999999997
107,-211.45000000000005,771.2999999999997
108,-256.95000000000005,771.2999999999997
109,-302.45000000000005,771.2999999999997
110,-347.95000000000005,771.2999999999997
111,-393.45000000000005,771.2999999999997
112,-438.95000000000005,771.2999999999997
113,-484.45000000000005,771.2999999999997
114,-529.95,771.2999999999997
115,-575.45,771.2999999999997
116,-620.95,771.2999999999997
117,-666.45,771.2999999999997
118,-711.95,771.2999999999997
119,-757.45,771.2999999999997
120,-802.95,771.2999999999997
121,-848.45,771.2999999999997
122,893.95,685.5999999999997
123,848.45,685.5999999999997
124,802.95,685.5999999999997
125,757.45,685.5999999999997
126,711.95,685.5999999999997
127,666.45,685.5999999999997
128,620.95,685.5999999999997
129,575.45,685.5999999999997
130,529.95,685.5999999999997
131,484.45000000000005,685.5999999999997
132,438.95000000000005,685.5999999999997
133,393.45000000000005,685.5999999999997
134,347.95000000000005,685.5999999999997
135,302.45000000000005,685.5999999999997
136,256.95000000000005,685.5999999999997
137,211.45000000000005,685.5999999999997
138,165.95000000000005,685.5999999999997
139,120.45000000000003,685.5999999999997
140,74.95000000000003,685.5999999999997
141,29.45000000000003,685.5999999999997
142,-29.45000000000003,685.5999999999997
143,-74.95000000000003,685.5999999999997
144,-120.45000000000003,685.5999999999997
145,-165.95000000000005,685.5999999999997
146,-211.45000000000005,685.5999999999997
147,-256.95000000000005,685.5999999999997
148,-302.45000000000005,685.5999999999997
149,-347.95000000000005,685.5999999999997
150,-393.45000000000005,685.5999999999997
151,-438.95000000000005,685.5999999999997
152,-484.45000000000005,685.5999999999997
153,-529.95,685.5999999999997
154,-575.45,685.5999999999997
155,-620.95,685.5999999999997
156,-666.45,685.5999999999997
157,-711.95,685.5999999999997
158,-757.45,685.5999999999997
159,-802.95,685.5999999999997
160,-848.45,685.5999999999997
161,-893.95,685.5999999999997
162,939.45,599.8999999999996
163,893.95,599.8999999999996
164,848.45,599.8999999999996
165,802.95,599.8999999999996
166,757.45,599.8999999999996
167,711.95,599.8999999999996
168,666.45,599.8999999999996
169,620.95,599.8999999999996
170,575.45,599.8999999999996
171,529.95,599.8999999999996
172,484.45000000000005,599.8999999999996
173,438.95000000000005,599.8999999999996
174,393.45000000000005,599.8999999999996
175,347.95000000000005,599.8999999999996
176,302.45000000000005,599.8999999999996
177,256.95000000000005,599.8999999999996
178,211.45000000000005,599.8999999999996
179,165.95000000000005,599.8999999999996
180,120.45000000000003,599.8999999999996
181,74.95000000000003,599.8999999999996
182,29.45000000000003,599.8999999999996
183,-29.45000000000003,599.8999999999996
184,-74.95000000000003,599.8999999999996
185,-120.45000000000003,599.8999999999996
186,-165.95000000000005,599.8999999999996
187,-211.45000000000005,599.8999999999996
188,-256.95000000000005,599.8999999999996
189,-302.45000000000005,599.8999999999996
190,-347.95000000000005,599.8999999999996
191,-393.45000000000005,599.8999999999996
192,-438.95000000000005,599.8999999999996
193,-484.45000000000005,599.8999999999996
194,-529.95,599.8999999999996
195,-575.45,599.8999999999996
196,-620.95,599.8999999999996
197,-666.45,599.8999999999996
198,-711.95,599.8999999999996
199,-757.45,599.8999999999996
200,-802.95,599.8999999999996
201,-848.45,599.8999999999996
202,-893.95,599.8999999999996
203,-939.45,599.8999999999996
204,1030.45,514.1999999999996
205,984.95,514.1999999999996
206,939.45,514.1999999999996
207,893.95,514.1999999999996
208,848.45,514.1999999999996
209,802.95,514.1999999999996
210,757.45,514.1999999999996
211,711.95,514.1999999999996
212,666.45,514.1999999999996
213,620.95,514.1999999999996
214,575.45,514.1999999999996
215,529.95,514.1999999999996
216,484.45000000000005,514.1999999999996
217,438.95000000000005,514.1999999999996
218,393.45000000000005,514.1999999999996
219,347.95000000000005,514.1999999999996
220,302.45000000000005,514.1999999999996
221,256.95000000000005,514.1999999999996
222,211.45000000000005,514.1999999999996
223,165.95000000000005,514.1999999999996
224,120.45000000000003,514.1999999999996
225,74.95000000000003,514.1999999999996
226,29.45000000000003,514.1999999999996
227,-29.45000000000003,514.1999999999996
228,-74.95000000000003,514.1999999999996
229,-120.45000000000003,514.1999999999996
230,-165.95000000000005,514.1999999999996
231,-211.45000000000005,514.1999999999996
232,-256.95000000000005,514.1999999999996
233,-302.45000000000005,514.1999999999996
234,-347.95000000000005,514.1999999999996
235,-393.45000000000005,514.1999999999996
236,-438.95000000000005,514.1999999999996
237,-484.45000000000005,514.1999999999996
238,-529.95,514.1999999999996
239,-575.45,514.1999999999996
240,-620.95,514.1999999999996
241,-666.45,514.1999999999996
242,-711.95,514.1999999999996
243,-757.45,514.1999999999996
244,-802.95,514.1999999999996
245,-848.45,514.1999999999996
246,-893.95,514.1999999999996
247,-939.45,514.1999999999996
248,-984.95,514.1999999999996
249,-1030.45,514.1999999999996
250,893.95,428.4999999999996
251,848.45,428.4999999999996
252,802.95,428.4999999999996
253,757.45,428.4999999999996
254,711.95,428.4999999999996
255,666.45,428.4999999999996
256,620.95,428.4999999999996
257,575.45,428.4999999999996
258,529.95,428.4999999999996
259,484.45000000000005,428.4999999999996
260,438.95000000000005,428.4999999999996
261,393.45000000000005,428.4999999999996
262,347.95000000000005,428.4999999999996
263,302.45000000000005,428.4999999999996
264,256.95000000000005,428.4999999999996
265,211.45000000000005,428.4999999999996
266,165.95000000000005,428.4999999999996
267,120.45000000000003,428.4999999999996
268,74.95000000000003,428.4999999999996
269,29.45000000000003,428.4999999999996
270,-29.45000000000003,428.4999999999996
271,-74.95000000000003,428.4999999999996
272,-120.45000000000003,428.4999999999996
273,-165.95000000000005,428.4999999999996
274,-211.45000000000005,428.4999999999996
275,-256.95000000000005,428.4999999999996
276,-302.45000000000005,428.4999999999996
277,-347.95000000000005,428.4999999999996
278,-393.45000000000005,428.4999999999996
279,-438.95000000000005,428.4999999999996
280,-484.45000000000005,428.4999999999996
281,-529.95,428.4999999999996
282,-575.45,428.4999999999996
283,-620.95,428.4999999999996
284,-666.45,428.4999999999996
285,-711.95,428.4999999999996
286,-757.45,428.4999999999996
287,-802.95,428.4999999999996
288,-848.45,428.4999999999996
289,-893.95,428.4999999999996
290,939.45,342.7999999999996
291,893.95,342.7999999999996
292,848.45,342.7999999999996
293,802.95,342.7999999999996
294,757.45,342.7999999999996
295,711.95,342.7999999999996
296,666.45,342.7999999999996
297,620.95,342.7999999999996
298,575.45,342.7999999999996
299,529.95,342.7999999999996
300,484.45000000000005,342.7999999999996
301,438.95000000000005,342.7999999999996
302,393.45000000000005,342.7999999999996
303,347.95000000000005,342.7999999999996
304,302.45000000000005,342.7999999999996
305,-302.45000000000005,342.7999999999996
306,-347.95000000000005,342.7999999999996
307,-393.45000000000005,342.7999999999996
308,-438.95000000000005,342.7999999999996
309,-484.45000000000005,342.7999999999996
310,-529.95,342.7999999999996
311,-575.45,342.7999999999996
312,-620.95,342.7999999999996
313,-666.45,342.7999999999996
314,-711.95,342.7999999999996
315,-757.45,342.7999999999996
316,-802.95,342.7999999999996
317,-848.45,342.7999999999996
318,-893.95,342.7999999999996
319,-939.45,342.7999999999996
320,-984.95,342.7999999999996
321,-1030.45,342.7999999999996
322,-1075.95,342.7999999999996
323,1121.45,257.0999999999996
324,1075.95,257.0999999999996
325,1030.45,257.0999999999996
326,984.95,257.0999999999996
327,939.45,257.0999999999996
328,893.95,257.0999999999996
329,848.45,257.0999999999996
330,802.95,257.0999999999996
331,757.45,257.0999999999996
332,711.95,257.0999999999996
333,666.45,257.0999999999996
334,620.95,257.0999999999996
335,575.45,257.0999999999996
336,529.95,257.0999999999996
337,484.45000000000005,257.0999999999996
338,438.95000000000005,257.0999999999996
339,393.45000000000005,257.0999999999996
340,347.95000000000005,257.0999999999996
341,-347.95000000000005,257.0999999999996
342,-393.45000000000005,257.0999999999996
343,-438.95000000000005,257.0999999999996
344,-484.45000000000005,257.0999999999996
345,-529.95,257.0999999999996
346,-575.45,257.0999999999996
347,-620.95,257.0999999999996
348,-666.45,257.0999999999996
349,-711.95,257.0999999999996
350,-757.45,257.0999999999996
351,-802.95,257.0999999999996
352,-848.45,257.0999999999996
353,-893.95,257.0999999999996
354,-939.45,257.0999999999996
355,-984.95,257.0999999999996
356,-1030.45,257.0999999999996
357,-1075.95,257.0999999999996
358,-1121.45,257.0999999999996
359,1121.45,171.39999999999964
360,1075.95,171.39999999999964
361,1030.45,171.39999999999964
362,984.95,171.39999999999964
363,939.45,171.39999999999964
364,893.95,171.39999999999964
365,848.45,171.39999999999964
366,802.95,171.39999999999964
367,757.45,171.39999999999964
368,711.95,171.39999999999964
369,666.45,171.39999999999964
370,620.95,171.39999999999964
371,575.45,171.39999999999964
372,529.95,171.39999999999964
373,484.45000000000005,171.39999999999964
374,438.95000000000005,171.39999999999964
375,393.45000000000005,171.39999999999964
376,347.95000000000005,171.39999999999964
377,-347.95000000000005,171.39999999999964
378,-393.45000000000005,171.39999999999964
379,-438.95000000000005,171.39999999999964
380,-484.45000000000005,171.39999999999964
381,-529.95,171.39999999999964
382,-575.45,171.39999999999964
383,-620.95,171.39999999999964
384,-666.45,171.39999999999964
385,-711.95,171.39999999999964
386,-757.45,171.39999999999964
387,-802.95,171.39999999999964
388,-848.45,171.39999999999964
389,-893.95,171.39999999999964
390,-939.45,171.39999999999964
391,-984.95,171.39999999999964
392,-1030.45,171.39999999999964
393,-1075.95,171.39999999999964
394,-1121.45,171.39999999999964
395,1121.45,85.69999999999963
396,1075.95,85.69999999999963
397,1030.45,85.69999999999963
398,984.95,85.69999999999963
399,939.45,85.69999999999963
400,893.95,85.69999999999963
401,848.45,85.69999999999963
402,802.95,85.69999999999963
403,757.45,85.69999999999963
404,711.95,85.69999999999963
405,666.45,85.69999999999963
406,620.95,85.69999999999963
407,575.45,85.69999999999963
408,529.95,85.69999999999963
409,484.45000000000005,85.69999999999963
410,438.95000000000005,85.69999999999963
411,-484.45000000000005,85.69999999999963
412,-529.95,85.69999999999963
413,-575.45,85.69999999999963
414,-620.95,85.69999999999963
415,-666.45,85.69999999999963
416,-711.95,85.69999999999963
417,-757.45,85.69999999999963
418,-802.95,85.69999999999963
419,-848.45,85.69999999999963
420,-893.95,85.69999999999963
421,-939.45,85.69999999999963
422,-984.95,85.69999999999963
423,-1030.45,85.69999999999963
424,-1075.95,85.69999999999963
425,-1121.45,85.69999999999963
426,1121.45,-3.694822225952521e-13
427,1075.95,-3.694822225952521e-13
428,1030.45,-3.694822225952521e-13
429,984.95,-3.694822225952521e-13
430,939.45,-3.694822225952521e-13
431,893.95,-3.694822225952521e-13
432,848.45,-3.694822225952521e-13
433,802.95,-3.694822225952521e-13
434,757.45,-3.694822225952521e-13
435,711.95,-3.694822225952521e-13
436,666.45,-3.694822225952521e-13
437,620.95,-3.694822225952521e-13
438,575.45,-3.694822225952521e-13
439,529.95,-3.694822225952521e-13
440,484.45000000000005,-3.694822225952521e-13
441,-484.45000000000005,-3.694822225952521e-13
442,-529.95,-3.694822225952521e-13
443,-575.45,-3.694822225952521e-13
444,-620.95,-3.694822225952521e-13
445,-666.45,-3.694822225952521e-13
446,-711.95,-3.694822225952521e-13
447,-757.45,-3.694822225952521e-13
448,-802.95,-3.694822225952521e-13
449,-848.45,-3.694822225952521e-13
450,-893.95,-3.694822225952521e-13
451,-939.45,-3.694822225952521e-13
452,-984.95,-3.694822225952521e-13
453,-1030.45,-3.694822225952521e-13
454,-1075.95,-3.694822225952521e-13
455,-1121.45,-3.694822225952521e-13
456,1121.45,-85.70000000000037
457,1075.95,-85.70000000000037
458,1030.45,-85.70000000000037
459,984.95,-85.70000000000037
460,939.45,-85.70000000000037
461,893.95,-85.70000000000037
462,848.45,-85.70000000000037
463,802.95,-85.70000000000037
464,757.45,-85.70000000000037
465,711.95,-85.70000000000037
466,666.45,-85.70000000000037
467,620.95,-85.70000000000037
468,575.45,-85.70000000000037
469,529.95,-85.70000000000037
470,484.45000000000005,-85.70000000000037
471,-347.95000000000005,-85.70000000000037
472,-393.45000000000005,-85.70000000000037
473,-438.95000000000005,-85.70000000000037
474,-484.45000000000005,-85.70000000000037
475,-529.95,-85.70000000000037
476,-575.45,-85.70000000000037
477,-620.95,-85.70000000000037
478,-666.45,-85.70000000000037
479,-711.95,-85.70000000000037
480,-757.45,-85.70000000000037
481,-802.95,-85.70000000000037
482,-848.45,-85.70000000000037
483,-893.95,-85.70000000000037
484,-939.45,-85.70000000000037
485,-984.95,-85.70000000000037
486,-1030.45,-85.70000000000037
487,-1075.95,-85.70000000000037
488,-1121.45,-85.70000000000037
489,1121.45,-171.40000000000038
490,1075.95,-171.40000000000038
491,1030.45,-171.40000000000038
492,984.95,-171.40000000000038
493,939.45,-171.40000000000038
494,893.95,-171.40000000000038
495,848.45,-171.40000000000038
496,802.95,-171.40000000000038
497,757.45,-171.40000000000038
498,711.95,-171.40000000000038
499,666.45,-171.40000000000038
500,620.95,-171.40000000000038
501,575.45,-171.40000000000038
502,529.95,-171.40000000000038
503,484.45000000000005,-171.40000000000038
504,438.95000000000005,-171.40000000000038
505,393.45000000000005,-171.40000000000038
506,347.95000000000005,-171.40000000000038
507,-347.95000000000005,-171.40000000000038
508,-393.45000000000005,-171.40000000000038
509,-438.95000000000005,-171.40000000000038
510,-484.45000000000005,-171.40000000000038
511,-529.95,-171.40000000000038
512,-575.45,-171.40000000000038
513,-620.95,-171.40000000000038
514,-666.45,-171.40000000000038
515,-711.95,-171.40000000000038
516,-757.45,-171.40000000000038
517,-802.95,-171.40000000000038
518,-848.45,-171.40000000000038
519,-893.95,-171.40000000000038
520,-939.45,-171.40000000000038
521,-984.95,-171.40000000000038
522,-1030.45,-171.40000000000038
523,-1075.95,-171.40000000000038
524,-1121.45,-171.40000000000038
525,1121.45,-257.10000000000036
526,1075.95,-257.10000000000036
527,1030.45,-257.10000000000036
528,984.95,-257.10000000000036
529,939.45,-257.10000000000036
530,893.95,-257.10000000000036
531,848.45,-257.10000000000036
532,802.95,-257.10000000000036
533,757.45,-257.10000000000036
534,711.95,-257.10000000000036
535,666.45,-257.10000000000036
536,620.95,-257.10000000000036
537,575.45,-257.10000000000036
538,529.95,-257.10000000000036
539,484.45000000000005,-257.10000000000036
540,438.95000000000005,-257.10000000000036
541,393.45000000000005,-257.10000000000036
542,347.95000000000005,-257.10000000000036
543,302.45000000000005,-257.10000000000036
544,-302.45000000000005,-257.10000000000036
545,-347.95000000000005,-257.10000000000036
546,-393.45000000000005,-257.10000000000036
547,-438.95000000000005,-257.10000000000036
548,-484.45000000000005,-257.10000000000036
549,-529.95,-257.10000000000036
550,-575.45,-257.10000000000036
551,-620.95,-257.10000000000036
552,-666.45,-257.10000000000036
553,-711.95,-257.10000000000036
554,-757.45,-257.10000000000036
555,-802.95,-257.10000000000036
556,-848.45,-257.10000000000036
557,-893.95,-257.10000000000036
558,-939.45,-257.10000000000036
559,-984.95,-257.10000000000036
560,-1030.45,-257.10000000000036
561,-1075.95,-257.10000000000036
562,-1121.45,-257.10000000000036
563,1075.95,-342.80000000000035
564,1030.45,-342.80000000000035
565,984.95,-342.80000000000035
566,939.45,-342.80000000000035
567,893.95,-342.80000000000035
568,848.45,-342.80000000000035
569,802.95,-342.80000000000035
570,757.45,-342.80000000000035
571,711.95,-342.80000000000035
572,666.45,-342.80000000000035
573,620.95,-342.80000000000035
574,575.45,-342.80000000000035
575,529.95,-342.80000000000035
576,484.45000000000005,-342.80000000000035
577,438.95000000000005,-342.80000000000035
578,393.45000000000005,-342.80000000000035
579,347.95000000000005,-342.80000000000035
580,302.45000000000005,-342.80000000000035
581,256.95000000000005,-342.80000000000035
582,-256.95000000000005,-342.80000000000035
583,-302.45000000000005,-342.80000000000035
584,-347.95000000000005,-342.80000000000035
585,-393.45000000000005,-342.80000000000035
586,-438.95000000000005,-342.80000000000035
587,-484.45000000000005,-342.80000000000035
588,-529.95,-342.80000000000035
589,-575.45,-342.80000000000035
590,-620.95,-342.80000000000035
591,-666.45,-342.80000000000035
592,-711.95,-342.80000000000035
593,-757.45,-342.80000000000035
594,-802.95,-342.80000000000035
595,-848.45,-342.80000000000035
596,-893.95,-342.80000000000035
597,-939.45,-342.80000000000035
598,-984.95,-342.80000000000035
599,939.45,-428.50000000000034
600,893.95,-428.50000000000034
601,848.45,-428.50000000000034
602,802.95,-428.50000000000034
603,757.45,-428.50000000000034
604,711.95,-428.50000000000034
605,666.45,-428.50000000000034
606,620.95,-428.50000000000034
607,575.45,-428.50000000000034
608,529.95,-428.50000000000034
609,484.45000000000005,-428.50000000000034
610,438.95000000000005,-428.50000000000034
611,393.45000000000005,-428.50000000000034
612,347.95000000000005,-428.50000000000034
613,302.45000000000005,-428.50000000000034
614,256.95000000000005,-428.50000000000034
615,211.45000000000005,-428.50000000000034
616,165.95000000000005,-428.50000000000034
617,120.45000000000003,-428.50000000000034
618,74.95000000000003,-428.50000000000034
619,29.45000000000003,-428.50000000000034
620,-29.45000000000003,-428.50000000000034
621,-74.95000000000003,-428.50000000000034
622,-120.45000000000003,-428.50000000000034
623,-165.95000000000005,-428.50000000000034
624,-211.45000000000005,-428.50000000000034
625,-256.95000000000005,-428.50000000000034
626,-302.45000000000005,-428.50000000000034
627,-347.95000000000005,-428.50000000000034
628,-393.45000000000005,-428.50000000000034
629,-438.95000000000005,-428.50000000000034
630,-484.45000000000005,-428.50000000000034
631,-529.95,-428.50000000000034
632,-575.45,-428.50000000000034
633,-620.95,-428.50000000000034
634,-666.45,-428.50000000000034
635,-711.95,-428.50000000000034
636,-757.45,-428.50000000000034
637,-802.95,-428.50000000000034
638,-848.45,-428.50000000000034
639,-893.95,-428.50000000000034
640,-939.45,-428.50000000000034
641,1030.45,-514.2000000000004
642,984.95,-514.2000000000004
643,939.45,-514.2000000000004
644,893.95,-514.2000000000004
645,848.45,-514.2000000000004
646,802.95,-514.2000000000004
647,757.45,-514.2000000000004
648,711.95,-514.2000000000004
649,666.45,-514.2000000000004
650,620.95,-514.2000000000004
651,575.45,-514.2000000000004
652,529.95,-514.2000000000004
653,484.45000000000005,-514.2000000000004
654,438.95000000000005,-514.2000000000004
655,393.45000000000005,-514.2000000000004
656,347.95000000000005,-514.2000000000004
657,302.45000000000005,-514.2000000000004
658,256.95000000000005,-514.2000000000004
659,211.45000000000005,-514.2000000000004
660,165.95000000000005,-514.2000000000004
661,120.45000000000003,-514.2000000000004
662,74.95000000000003,-514.2000000000004
663,29.45000000000003,-514.2000000000004
664,-29.45000000000003,-514.2000000000004
665,-74.95000000000003,-514.2000000000004
666,-120.45000000000003,-514.2000000000004
667,-165.95000000000005,-514.2000000000004
668,-211.45000000000005,-514.2000000000004
669,-256.95000000000005,-514.2000000000004
670,-302.45000000000005,-514.2000000000004
671,-347.95000000000005,-514.2000000000004
672,-393.45000000000005,-514.2000000000004
673,-438.95000000000005,-514.2000000000004
674,-484.45000000000005,-514.2000000000004
675,-529.95,-514.2000000000004
676,-575.45,-514.2000000000004
677,-620.95,-514.2000000000004
678,-666.45,-514.2000000000004
679,-711.95,-514.2000000000004
680,-757.45,-514.2000000000004
681,-802.95,-514.2000000000004
682,-848.45,-514.2000000000004
683,-893.95,-514.2000000000004
684,-939.45,-514.2000000000004
685,-984.95,-514.2000000000004
686,-1030.45,-514.2000000000004
687,939.45,-599.9000000000004
688,893.95,-599.9000000000004
689,848.45,-599.9000000000004
690,802.95,-599.9000000000004
691,757.45,-599.9000000000004
692,711.95,-599.9000000000004
693,666.45,-599.9000000000004
694,620.95,-599.9000000000004
695,575.45,-599.9000000000004
696,529.95,-599.9000000000004
697,484.45000000000005,-599.9000000000004
698,438.95000000000005,-599.9000000000004
699,393.45000000000005,-599.9000000000004
700,347.95000000000005,-599.9000000000004
701,302.45000000000005,-599.9000000000004
702,256.95000000000005,-599.9000000000004
703,211.45000000000005,-599.9000000000004
704,165.95000000000005,-599.9000000000004
705,120.45000000000003,-599.9000000000004
706,74.95000000000003,-599.9000000000004
707,29.45000000000003,-599.9000000000004
708,-29.45000000000003,-599.9000000000004
709,-74.95000000000003,-599.9000000000004
710,-120.45000000000003,-599.9000000000004
711,-165.95000000000005,-599.9000000000004
712,-211.45000000000005,-599.9000000000004
713,-256.95000000000005,-599.9000000000004
714,-302.45000000000005,-599.9000000000004
715,-347.95000000000005,-599.9000000000004
716,-393.45000000000005,-599.9000000000004
717,-438.95000000000005,-599.9000000000004
718,-484.45000000000005,-599.9000000000004
719,-529.95,-599.9000000000004
720,-575.45,-599.9000000000004
721,-620.95,-599.9000000000004
722,-666.45,-599.9000000000004
723,-711.95,-599.9000000000004
724,-757.45,-599.9000000000004
725,-802.95,-599.9000000000004
726,-848.45,-599.9000000000004
727,-893.95,-599.9000000000004
728,-939.45,-599.9000000000004
729,893.95,-685.6000000000005
730,848.45,-685.6000000000005
731,802.95,-685.6000000000005
732,757.45,-685.6000000000005
733,711.95,-685.6000000000005
734,666.45,-685.6000000000005
735,620.95,-685.6000000000005
736,575.45,-685.6000000000005
737,529.95,-685.6000000000005
738,484.45000000000005,-685.6000000000005
739,438.95000000000005,-685.6000000000005
740,393.45000000000005,-685.6000000000005
741,347.95000000000005,-685.6000000000005
742,302.45000000000005,-685.6000000000005
743,256.95000000000005,-685.6000000000005
744,211.45000000000005,-685.6000000000005
745,165.95000000000005,-685.6000000000005
746,120.45000000000003,-685.6000000000005
747,74.95000000000003,-685.6000000000005
748,29.45000000000003,-685.6000000000005
749,-29.45000000000003,-685.6000000000005
750,-74.95000000000003,-685.6000000000005
751,-120.45000000000003,-685.6000000000005
752,-165.95000000000005,-685.6000000000005
753,-211.45000000000005,-685.6000000000005
754,-256.95000000000005,-685.6000000000005
755,-302.45000000000005,-685.6000000000005
756,-347.95000000000005,-685.6000000000005
757,-393.45000000000005,-685.6000000000005
758,-438.95000000000005,-685.6000000000005
759,-484.45000000000005,-685.6000000000005
760,-529.95,-685.6000000000005
761,-575.45,-685.6000000000005
762,-620.95,-685.6000000000005
763,-666.45,-685.6000000000005
764,-711.95,-685.6000000000005
765,-757.45,-685.6000000000005
766,-802.95,-685.6000000000005
767,-848.45,-685.6000000000005
768,-893.95,-685.6000000000005
769,848.45,-771.3000000000005
770,802.95,-771.3000000000005
771,757.45,-771.3000000000005
772,711.95,-771.3000000000005
773,666.45,-771.3000000000005
774,620.95,-771.3000000000005
775,575.45,-771.3000000000005
776,529.95,-771.3000000000005
777,484.45000000000005,-771.3000000000005
778,438.95000000000005,-771.3000000000005
779,393.45000000000005,-771.3000000000005
780,347.95000000000005,-771.3000000000005
781,302.45000000000005,-771.3000000000005
782,256.95000000000005,-771.3000000000005
783,211.45000000000005,-771.3000000000005
784,165.95000000000005,-771.3000000000005
785,120.45000000000003,-771.3000000000005
786,74.95000000000003,-771.3000000000005
787,29.45000000000003,-771.3000000000005
788,-29.45000000000003,-771.3000000000005
789,-74.95000000000003,-771.3000000000005
790,-120.45000000000003,-771.3000000000005
791,-165.95000000000005,-771.3000000000005
792,-211.45000000000005,-771.3000000000005
793,-256.95000000000005,-771.3000000000005
794,-302.45000000000005,-771.3000000000005
795,-347.95000000000005,-771.3000000000005
796,-393.45000000000005,-771.3000000000005
797,-438.95000000000005,-771.3000000000005
798,-484.45000000000005,-771.3000000000005
799,-529.95,-771.3000000000005
800,-575.45,-771.3000000000005
801,-620.95,-771.3000000000005
802,-666.45,-771.3000000000005
803,-711.95,-771.3000000000005
804,-757.45,-771.3000000000005
805,-802.95,-771.3000000000005
806,-848.45,-771.3000000000005
807,757.45,-857.0000000000006
808,711.95,-857.0000000000006
809,666.45,-857.0000000000006
810,620.95,-857.0000000000006
811,575.45,-857.0000000000006
812,529.95,-857.0000000000006
813,484.45000000000005,-857.0000000000006
814,438.95000000000005,-857.0000000000006
815,393.45000000000005,-857.0000000000006
816,347.95000000000005,-857.0000000000006
817,302.45000000000005,-857.0000000000006
818,256.95000000000005,-857.0000000000006
819,211.45000000000005,-857.0000000000006
820,165.95000000000005,-857.0000000000006
821,120.45000000000003,-857.0000000000006
822,74.95000000000003,-857.0000000000006
823,29.45000000000003,-857.0000000000006
824,-29.45000000000003,-857.0000000000006
825,-74.95000000000003,-857.0000000000006
826,-120.45000000000003,-857.0000000000006
827,-165.95000000000005,-857.0000000000006
828,-211.45000000000005,-857.0000000000006
829,-256.95000000000005,-857.0000000000006
830,-302.45000000000005,-857.0000000000006
831,-347.95000000000005,-857.0000000000006
832,-393.45000000000005,-857.0000000000006
833,-438.95000000000005,-857.0000000000006
834,-484.45000000000005,-857.0000000000006
835,-529.95,-857.0000000000006
836,-575.45,-857.0000000000006
837,-620.95,-857.0000000000006
838,-666.45,-857.0000000000006
839,-711.95,-857.0000000000006
840,-757.45,-857.0000000000006
841,620.95,-942.7000000000006
842,575.45,-942.7000000000006
843,529.95,-942.7000000000006
844,484.45000000000005,-942.7000000000006
845,438.95000000000005,-942.7000000000006
846,393.45000000000005,-942.7000000000006
847,347.95000000000005,-942.7000000000006
848,302.45000000000005,-942.7000000000006
849,256.95000000000005,-942.7000000000006
850,211.45000000000005,-942.7000000000006
851,165.95000000000005,-942.7000000000006
852,120.45000000000003,-942.7000000000006
853,74.95000000000003,-942.7000000000006
854,29.45000000000003,-942.7000000000006
855,-29.45000000000003,-942.7000000000006
856,-74.95000000000003,-942.7000000000006
857,-120.45000000000003,-942.7000000000006
858,-165.95000000000005,-942.7000000000006
859,-211.45000000000005,-942.7000000000006
860,-256.95000000000005,-942.7000000000006
861,-302.45000000000005,-942.7000000000006
862,-347.95000000000005,-942.7000000000006
863,-393.45000000000005,-942.7000000000006
864,-438.95000000000005,-942.7000000000006
865,-484.45000000000005,-942.7000000000006
866,-529.95,-942.7000000000006
867,-575.45,-942.7000000000006
868,-620.95,-942.7000000000006
869,484.45000000000005,-1028.4000000000005
870,438.95000000000005,-1028.4000000000005
871,393.45000000000005,-1028.4000000000005
872,347.95000000000005,-1028.4000000000005
873,302.45000000000005,-1028.4000000000005
874,256.95000000000005,-1028.4000000000005
875,211.45000000000005,-1028.4000000000005
876,165.95000000000005,-1028.4000000000005
877,120.45000000000003,-1028.4000000000005
878,-120.45000000000003,-1028.4000000000005
879,-165.95000000000005,-1028.4000000000005
880,-211.45000000000005,-1028.4000000000005
881,-256.95000000000005,-1028.4000000000005
882,-302.45000000000005,-1028.4000000000005
883,-347.95000000000005,-1028.4000000000005
884,-393.45000000000005,-1028.4000000000005
885,-438.95000000000005,-1028.4000000000005
886,-484.45000000000005,-1028.4000000000005
887,256.95000000000005,-1114.1000000000006
888,211.45000000000005,-1114.1000000000006
889,165.95000000000005,-1114.1000000000006
890,120.45000000000003,-1114.1000000000006
