,X,Y
0,-160.07500000000005,1114.1
1,160.07500000000005,1114.1
2,-204.25000000000006,1114.1
3,204.25000000000006,1114.1
4,-248.42500000000007,1114.1
5,248.42500000000007,1114.1
6,-292.6000000000001,1114.1
7,292.6000000000001,1114.1
8,-115.90000000000003,1028.3999999999999
9,115.90000000000003,1028.3999999999999
10,-160.07500000000005,1028.3999999999999
11,160.07500000000005,1028.3999999999999
12,-204.25000000000006,1028.3999999999999
13,204.25000000000006,1028.3999999999999
14,-248.42500000000007,1028.3999999999999
15,248.42500000000007,1028.3999999999999
16,-292.6000000000001,1028.3999999999999
17,292.6000000000001,1028.3999999999999
18,-336.7750000000001,1028.3999999999999
19,336.7750000000001,1028.3999999999999
20,-380.9500000000001,1028.3999999999999
21,380.9500000000001,1028.3999999999999
22,-425.1250000000001,1028.3999999999999
23,425.1250000000001,1028.3999999999999
24,-469.3000000000001,1028.3999999999999
25,469.3000000000001,1028.3999999999999
26,-513.4750000000001,1028.3999999999999
27,513.4750000000001,1028.3999999999999
28,-27.550000000000033,942.6999999999998
29,27.550000000000033,942.6999999999998
30,-71.72500000000004,942.6999999999998
31,71.72500000000004,942.6999999999998
32,-115.90000000000003,942.6999999999998
33,115.90000000000003,942.6999999999998
34,-160.07500000000005,942.6999999999998
35,160.07500000000005,942.6999999999998
36,-204.25000000000006,942.6999999999998
37,204.25000000000006,942.6999999999998
38,-248.42500000000007,942.6999999999998
39,248.42500000000007,942.6999999999998
40,-292.6000000000001,942.6999999999998
41,292.6000000000001,942.6999999999998
42,-336.7750000000001,942.6999999999998
43,336.7750000000001,942.6999999999998
44,-380.9500000000001,942.6999999999998
45,380.9500000000001,942.6999999999998
46,-425.1250000000001,942.6999999999998
47,425.1250000000001,942.6999999999998
48,-469.3000000000001,942.6999999999998
49,469.3000000000001,942.6999999999998
50,-513.4750000000001,942.6999999999998
51,513.4750000000001,942.6999999999998
52,-557.6500000000001,942.6999999999998
53,557.6500000000001,942.6999999999998
54,-601.825,942.6999999999998
55,601.825,942.6999999999998
56,-646.0,942.6999999999998
57,646.0,942.6999999999998
58,-27.550000000000033,856.9999999999998
59,27.550000000000033,856.9999999999998
60,-71.72500000000004,856.9999999999998
61,71.72500000000004,856.9999999999998
62,-115.90000000000003,856.9999999999998
63,115.90000000000003,856.9999999999998
64,-160.07500000000005,856.9999999999998
65,160.07500000000005,856.9999999999998
66,-204.25000000000006,856.9999999999998
67,204.25000000000006,856.9999999999998
68,-248.42500000000007,856.9999999999998
69,248.42500000000007,856.9999999999998
70,-292.6000000000001,856.9999999999998
71,292.6000000000001,856.9999999999998
72,-336.7750000000001,856.9999999999998
73,336.7750000000001,856.9999999999998
74,-380.9500000000001,856.9999999999998
75,380.9500000000001,856.9999999999998
76,-425.1250000000001,856.9999999999998
77,425.1250000000001,856.9999999999998
78,-469.3000000000001,856.9999999999998
79,469.3000000000001,856.9999999999998
80,-513.4750000000001,856.9999999999998
81,513.4750000000001,856.9999999999998
82,-557.6500000000001,856.9999999999998
83,557.6500000000001,856.9999999999998
84,-601.825,856.9999999999998
85,601.825,856.9999999999998
86,-646.0,856.9999999999998
87,646.0,856.9999999999998
88,-690.175,856.9999999999998
89,690.175,856.9999999999998
90,-734.3499999999999,856.9999999999998
91,734.3499999999999,856.9999999999998
92,-27.550000000000033,771.2999999999997
93,27.550000000000033,771.2999999999997
94,-71.72500000000004,771.2999999999997
95,71.72500000000004,771.2999999999997
96,-115.90000000000003,771.2999999999997
97,115.90000000000003,771.2999999999997
98,-160.07500000000005,771.2999999999997
99,160.07500000000005,771.2999999999997
100,-204.25000000000006,771.2999999999997
101,204.25000000000006,771.2999999999997
102,-248.42500000000007,771.2999999999997
103,248.42500000000007,771.2999999999997
104,-292.6000000000001,771.2999999999997
105,292.6000000000001,771.2999999999997
106,-336.7750000000001,771.2999999999997
107,336.7750000000001,771.2999999999997
108,-380.9500000000001,771.2999999999997
109,380.9500000000001,771.2999999999997
110,-425.1250000000001,771.2999999999997
111,425.1250000000001,771.2999999999997
112,-469.3000000000001,771.2999999999997
113,469.3000000000001,771.2999999999997
114,-513.4750000000001,771.2999999999997
115,513.4750000000001,771.2999999999997
116,-557.6500000000001,771.2999999999997
117,557.6500000000001,771.2999999999997
118,-601.825,771.2999999999997
119,601.825,771.2999999999997
120,-646.0,771.2999999999997
121,646.0,771.2999999999997
122,-690.175,771.2999999999997
123,690.175,771.2999999999997
124,-734.3499999999999,771.2999999999997
125,734.3499999999999,771.2999999999997
126,-778.5249999999999,771.2999999999997
127,778.5249999999999,771.2999999999997
128,-822.6999999999998,771.2999999999997
129,822.6999999999998,771.2999999999997
130,-27.550000000000033,685.5999999999997
131,27.550000000000033,685.5999999999997
132,-71.72500000000004,685.5999999999997
133,71.72500000000004,685.5999999999997
134,-115.90000000000003,685.5999999999997
135,115.90000000000003,685.5999999999997
136,-160.07500000000005,685.5999999999997
137,160.07500000000005,685.5999999999997
138,-204.25000000000006,685.5999999999997
139,204.25000000000006,685.5999999999997
140,-248.42500000000007,685.5999999999997
141,248.42500000000007,685.5999999999997
142,-292.6000000000001,685.5999999999997
143,292.6000000000001,685.5999999999997
144,-336.7750000000001,685.5999999999997
145,336.7750000000001,685.5999999999997
146,-380.9500000000001,685.5999999999997
147,380.9500000000001,685.5999999999997
148,-425.1250000000001,685.5999999999997
149,425.1250000000001,685.5999999999997
150,-469.3000000000001,685.5999999999997
151,469.3000000000001,685.5999999999997
152,-513.4750000000001,685.5999999999997
153,513.4750000000001,685.5999999999997
154,-557.6500000000001,685.5999999999997
155,557.6500000000001,685.5999999999997
156,-601.825,685.5999999999997
157,601.825,685.5999999999997
158,-646.0,685.5999999999997
159,646.0,685.5999999999997
160,-690.175,685.5999999999997
161,690.175,685.5999999999997
162,-734.3499999999999,685.5999999999997
163,734.3499999999999,685.5999999999997
164,-778.5249999999999,685.5999999999997
165,778.5249999999999,685.5999999999997
166,-822.6999999999998,685.5999999999997
167,822.6999999999998,685.5999999999997
168,-866.8749999999998,685.5999999999997
169,866.8749999999998,685.5999999999997
170,-911.0499999999997,685.5999999999997
171,911.0499999999997,685.5999999999997
172,-27.550000000000033,599.8999999999996
173,27.550000000000033,599.8999999999996
174,-71.72500000000004,599.8999999999996
175,71.72500000000004,599.8999999999996
176,-115.90000000000003,599.8999999999996
177,115.90000000000003,599.8999999999996
178,-160.07500000000005,599.8999999999996
179,160.07500000000005,599.8999999999996
180,-204.25000000000006,599.8999999999996
181,204.25000000000006,599.8999999999996
182,-248.42500000000007,599.8999999999996
183,248.42500000000007,599.8999999999996
184,-292.6000000000001,599.8999999999996
185,292.6000000000001,599.8999999999996
186,-336.7750000000001,599.8999999999996
187,336.7750000000001,599.8999999999996
188,-380.9500000000001,599.8999999999996
189,380.9500000000001,599.8999999999996
190,-425.1250000000001,599.8999999999996
191,425.1250000000001,599.8999999999996
192,-469.3000000000001,599.8999999999996
193,469.3000000000001,599.8999999999996
194,-513.4750000000001,599.8999999999996
195,513.4750000000001,599.8999999999996
196,-557.6500000000001,599.8999999999996
197,557.6500000000001,599.8999999999996
198,-601.825,599.8999999999996
199,601.825,599.8999999999996
200,-646.0,599.8999999999996
201,646.0,599.8999999999996
202,-690.175,599.8999999999996
203,690.175,599.8999999999996
204,-734.3499999999999,599.8999999999996
205,734.3499999999999,599.8999999999996
206,-778.5249999999999,599.8999999999996
207,778.5249999999999,599.8999999999996
208,-822.6999999999998,599.8999999999996
209,822.6999999999998,599.8999999999996
210,-866.8749999999998,599.8999999999996
211,866.8749999999998,599.8999999999996
212,-911.0499999999997,599.8999999999996
213,911.0499999999997,599.8999999999996
214,-955.2249999999997,599.8999999999996
215,955.2249999999997,599.8999999999996
216,-27.550000000000033,514.1999999999996
217,27.550000000000033,514.1999999999996
218,-71.72500000000004,514.1999999999996
219,71.72500000000004,514.1999999999996
220,-115.90000000000003,514.1999999999996
221,115.90000000000003,514.1999999999996
222,-160.07500000000005,514.1999999999996
223,160.07500000000005,514.1999999999996
224,-204.25000000000006,514.1999999999996
225,204.25000000000006,514.1999999999996
226,-248.42500000000007,514.1999999999996
227,248.42500000000007,514.1999999999996
228,-292.6000000000001,514.1999999999996
229,292.6000000000001,514.1999999999996
230,-336.7750000000001,514.1999999999996
231,336.7750000000001,514.1999999999996
232,-380.9500000000001,514.1999999999996
233,380.9500000000001,514.1999999999996
234,-425.1250000000001,514.1999999999996
235,425.1250000000001,514.1999999999996
236,-469.3000000000001,514.1999999999996
237,469.3000000000001,514.1999999999996
238,-513.4750000000001,514.1999999999996
239,513.4750000000001,514.1999999999996
240,-557.6500000000001,514.1999999999996
241,557.6500000000001,514.1999999999996
242,-601.825,514.1999999999996
243,601.825,514.1999999999996
244,-646.0,514.1999999999996
245,646.0,514.1999999999996
246,-690.175,514.1999999999996
247,690.175,514.1999999999996
248,-734.3499999999999,514.1999999999996
249,734.3499999999999,514.1999999999996
250,-778.5249999999999,514.1999999999996
251,778.5249999999999,514.1999999999996
252,-822.6999999999998,514.1999999999996
253,822.6999999999998,514.1999999999996
254,-866.8749999999998,514.1999999999996
255,866.8749999999998,514.1999999999996
256,-911.0499999999997,514.1999999999996
257,911.0499999999997,514.1999999999996
258,-955.2249999999997,514.1999999999996
259,955.2249999999997,514.1999999999996
260,-999.3999999999996,514.1999999999996
261,999.3999999999996,514.1999999999996
262,-27.550000000000033,428.4999999999996
263,27.550000000000033,428.4999999999996
264,-71.72500000000004,428.4999999999996
265,71.72500000000004,428.4999999999996
266,-115.90000000000003,428.4999999999996
267,115.90000000000003,428.4999999999996
268,160.07500000000005,428.4999999999996
269,204.25000000000006,428.4999999999996
270,-248.42500000000007,428.4999999999996
271,248.42500000000007,428.4999999999996
272,-292.6000000000001,428.4999999999996
273,292.6000000000001,428.4999999999996
274,-336.7750000000001,428.4999999999996
275,336.7750000000001,428.4999999999996
276,-380.9500000000001,428.4999999999996
277,380.9500000000001,428.4999999999996
278,-425.1250000000001,428.4999999999996
279,425.1250000000001,428.4999999999996
280,-469.3000000000001,428.4999999999996
281,469.3000000000001,428.4999999999996
282,-513.4750000000001,428.4999999999996
283,513.4750000000001,428.4999999999996
284,-557.6500000000001,428.4999999999996
285,557.6500000000001,428.4999999999996
286,-601.825,428.4999999999996
287,601.825,428.4999999999996
288,-646.0,428.4999999999996
289,646.0,428.4999999999996
290,-690.175,428.4999999999996
291,690.175,428.4999999999996
292,-734.3499999999999,428.4999999999996
293,734.3499999999999,428.4999999999996
294,-778.5249999999999,428.4999999999996
295,778.5249999999999,428.4999999999996
296,-822.6999999999998,428.4999999999996
297,822.6999999999998,428.4999999999996
298,-866.8749999999998,428.4999999999996
299,866.8749999999998,428.4999999999996
300,-911.0499999999997,428.4999999999996
301,911.0499999999997,428.4999999999996
302,-955.2249999999997,428.4999999999996
303,955.2249999999997,428.4999999999996
304,-292.6000000000001,342.7999999999996
305,292.6000000000001,342.7999999999996
306,-336.7750000000001,342.7999999999996
307,336.7750000000001,342.7999999999996
308,-380.9500000000001,342.7999999999996
309,380.9500000000001,342.7999999999996
310,-425.1250000000001,342.7999999999996
311,425.1250000000001,342.7999999999996
312,-469.3000000000001,342.7999999999996
313,469.3000000000001,342.7999999999996
314,-513.4750000000001,342.7999999999996
315,513.4750000000001,342.7999999999996
316,-557.6500000000001,342.7999999999996
317,557.6500000000001,342.7999999999996
318,-601.825,342.7999999999996
319,601.825,342.7999999999996
320,-646.0,342.7999999999996
321,646.0,342.7999999999996
322,-690.175,342.7999999999996
323,690.175,342.7999999999996
324,-734.3499999999999,342.7999999999996
325,734.3499999999999,342.7999999999996
326,-778.5249999999999,342.7999999999996
327,778.5249999999999,342.7999999999996
328,-822.6999999999998,342.7999999999996
329,822.6999999999998,342.7999999999996
330,-866.8749999999998,342.7999999999996
331,866.8749999999998,342.7999999999996
332,-911.0499999999997,342.7999999999996
333,911.0499999999997,342.7999999999996
334,-955.2249999999997,342.7999999999996
335,955.2249999999997,342.7999999999996
336,-999.3999999999996,342.7999999999996
337,-1043.5749999999996,342.7999999999996
338,-1087.7499999999995,342.7999999999996
339,-292.6000000000001,257.0999999999996
340,292.6000000000001,257.0999999999996
341,-336.7750000000001,257.0999999999996
342,336.7750000000001,257.0999999999996
343,-380.9500000000001,257.0999999999996
344,380.9500000000001,257.0999999999996
345,-425.1250000000001,257.0999999999996
346,425.1250000000001,257.0999999999996
347,-469.3000000000001,257.0999999999996
348,469.3000000000001,257.0999999999996
349,-513.4750000000001,257.0999999999996
350,513.4750000000001,257.0999999999996
351,-557.6500000000001,257.0999999999996
352,557.6500000000001,257.0999999999996
353,-601.825,257.0999999999996
354,601.825,257.0999999999996
355,-646.0,257.0999999999996
356,646.0,257.0999999999996
357,-690.175,257.0999999999996
358,690.175,257.0999999999996
359,-734.3499999999999,257.0999999999996
360,734.3499999999999,257.0999999999996
361,-778.5249999999999,257.0999999999996
362,778.5249999999999,257.0999999999996
363,-822.6999999999998,257.0999999999996
364,822.6999999999998,257.0999999999996
365,-866.8749999999998,257.0999999999996
366,866.8749999999998,257.0999999999996
367,-911.0499999999997,257.0999999999996
368,911.0499999999997,257.0999999999996
369,-955.2249999999997,257.0999999999996
370,955.2249999999997,257.0999999999996
371,-999.3999999999996,257.0999999999996
372,999.3999999999996,257.0999999999996
373,-1043.5749999999996,257.0999999999996
374,1043.5749999999996,257.0999999999996
375,-1087.7499999999995,257.0999999999996
376,1087.7499999999995,257.0999999999996
377,-336.7750000000001,171.39999999999964
378,336.7750000000001,171.39999999999964
379,-380.9500000000001,171.39999999999964
380,380.9500000000001,171.39999999999964
381,-425.1250000000001,171.39999999999964
382,425.1250000000001,171.39999999999964
383,-469.3000000000001,171.39999999999964
384,469.3000000000001,171.39999999999964
385,-513.4750000000001,171.39999999999964
386,513.4750000000001,171.39999999999964
387,-557.6500000000001,171.39999999999964
388,557.6500000000001,171.39999999999964
389,-601.825,171.39999999999964
390,601.825,171.39999999999964
391,-646.0,171.39999999999964
392,646.0,171.39999999999964
393,-690.175,171.39999999999964
394,690.175,171.39999999999964
395,-734.3499999999999,171.39999999999964
396,734.3499999999999,171.39999999999964
397,-778.5249999999999,171.39999999999964
398,778.5249999999999,171.39999999999964
399,-822.6999999999998,171.39999999999964
400,822.6999999999998,171.39999999999964
401,-866.8749999999998,171.39999999999964
402,866.8749999999998,171.39999999999964
403,-911.0499999999997,171.39999999999964
404,911.0499999999997,171.39999999999964
405,-955.2249999999997,171.39999999999964
406,955.2249999999997,171.39999999999964
407,-999.3999999999996,171.39999999999964
408,999.3999999999996,171.39999999999964
409,-1043.5749999999996,171.39999999999964
410,1043.5749999999996,171.39999999999964
411,-1087.7499999999995,171.39999999999964
412,1087.7499999999995,171.39999999999964
413,-1131.9249999999995,171.39999999999964
414,1131.9249999999995,171.39999999999964
415,380.9500000000001,85.69999999999963
416,425.1250000000001,85.69999999999963
417,-469.3000000000001,85.69999999999963
418,469.3000000000001,85.69999999999963
419,-513.4750000000001,85.69999999999963
420,513.4750000000001,85.69999999999963
421,-557.6500000000001,85.69999999999963
422,557.6500000000001,85.69999999999963
423,-601.825,85.69999999999963
424,601.825,85.69999999999963
425,-646.0,85.69999999999963
426,646.0,85.69999999999963
427,-690.175,85.69999999999963
428,690.175,85.69999999999963
429,-734.3499999999999,85.69999999999963
430,734.3499999999999,85.69999999999963
431,-778.5249999999999,85.69999999999963
432,778.5249999999999,85.69999999999963
433,-822.6999999999998,85.69999999999963
434,822.6999999999998,85.69999999999963
435,-866.8749999999998,85.69999999999963
436,866.8749999999998,85.69999999999963
437,-911.0499999999997,85.69999999999963
438,911.0499999999997,85.69999999999963
439,-955.2249999999997,85.69999999999963
440,955.2249999999997,85.69999999999963
441,-999.3999999999996,85.69999999999963
442,999.3999999999996,85.69999999999963
443,-1043.5749999999996,85.69999999999963
444,1043.5749999999996,85.69999999999963
445,-1087.7499999999995,85.69999999999963
446,1087.7499999999995,85.69999999999963
447,-1131.9249999999995,85.69999999999963
448,1131.9249999999995,85.69999999999963
449,-469.3000000000001,-3.694822225952521e-13
450,469.3000000000001,-3.694822225952521e-13
451,-513.4750000000001,-3.694822225952521e-13
452,513.4750000000001,-3.694822225952521e-13
453,-557.6500000000001,-3.694822225952521e-13
454,557.6500000000001,-3.694822225952521e-13
455,-601.825,-3.694822225952521e-13
456,601.825,-3.694822225952521e-13
457,-646.0,-3.694822225952521e-13
458,646.0,-3.694822225952521e-13
459,-690.175,-3.694822225952521e-13
460,690.175,-3.694822225952521e-13
461,-734.3499999999999,-3.694822225952521e-13
462,734.3499999999999,-3.694822225952521e-13
463,-778.5249999999999,-3.694822225952521e-13
464,778.5249999999999,-3.694822225952521e-13
465,-822.6999999999998,-3.694822225952521e-13
466,822.6999999999998,-3.694822225952521e-13
467,-866.8749999999998,-3.694822225952521e-13
468,866.8749999999998,-3.694822225952521e-13
469,-911.0499999999997,-3.694822225952521e-13
470,911.0499999999997,-3.694822225952521e-13
471,-955.2249999999997,-3.694822225952521e-13
472,955.2249999999997,-3.694822225952521e-13
473,-999.3999999999996,-3.694822225952521e-13
474,999.3999999999996,-3.694822225952521e-13
475,-1043.5749999999996,-3.694822225952521e-13
476,1043.5749999999996,-3.694822225952521e-13
477,-1087.7499999999995,-3.694822225952521e-13
478,1087.7499999999995,-3.694822225952521e-13
479,-1131.9249999999995,-3.694822225952521e-13
480,1131.9249999999995,-3.694822225952521e-13
481,-380.9500000000001,-85.70000000000037
482,-425.1250000000001,-85.70000000000037
483,-469.3000000000001,-85.70000000000037
484,469.3000000000001,-85.70000000000037
485,-513.4750000000001,-85.70000000000037
486,513.4750000000001,-85.70000000000037
487,-557.6500000000001,-85.70000000000037
488,557.6500000000001,-85.70000000000037
489,-601.825,-85.70000000000037
490,601.825,-85.70000000000037
491,-646.0,-85.70000000000037
492,646.0,-85.70000000000037
493,-690.175,-85.70000000000037
494,690.175,-85.70000000000037
495,-734.3499999999999,-85.70000000000037
496,734.3499999999999,-85.70000000000037
497,-778.5249999999999,-85.70000000000037
498,778.5249999999999,-85.70000000000037
499,-822.6999999999998,-85.70000000000037
500,822.6999999999998,-85.70000000000037
501,-866.8749999999998,-85.70000000000037
502,866.8749999999998,-85.70000000000037
503,-911.0499999999997,-85.70000000000037
504,911.0499999999997,-85.70000000000037
505,-955.2249999999997,-85.70000000000037
506,955.2249999999997,-85.70000000000037
507,-999.3999999999996,-85.70000000000037
508,999.3999999999996,-85.70000000000037
509,-1043.5749999999996,-85.70000000000037
510,1043.5749999999996,-85.70000000000037
511,-1087.7499999999995,-85.70000000000037
512,1087.7499999999995,-85.70000000000037
513,-1131.9249999999995,-85.70000000000037
514,1131.9249999999995,-85.70000000000037
515,-336.7750000000001,-171.40000000000038
516,336.7750000000001,-171.40000000000038
517,-380.9500000000001,-171.40000000000038
518,380.9500000000001,-171.40000000000038
519,-425.1250000000001,-171.40000000000038
520,425.1250000000001,-171.40000000000038
521,-469.3000000000001,-171.40000000000038
522,469.3000000000001,-171.40000000000038
523,-513.4750000000001,-171.40000000000038
524,513.4750000000001,-171.40000000000038
525,-557.6500000000001,-171.40000000000038
526,557.6500000000001,-171.40000000000038
527,-601.825,-171.40000000000038
528,601.825,-171.40000000000038
529,-646.0,-171.40000000000038
530,646.0,-171.40000000000038
531,-690.175,-171.40000000000038
532,690.175,-171.40000000000038
533,-734.3499999999999,-171.40000000000038
534,734.3499999999999,-171.40000000000038
535,-778.5249999999999,-171.40000000000038
536,778.5249999999999,-171.40000000000038
537,-822.6999999999998,-171.40000000000038
538,822.6999999999998,-171.40000000000038
539,-866.8749999999998,-171.40000000000038
540,866.8749999999998,-171.40000000000038
541,-911.0499999999997,-171.40000000000038
542,911.0499999999997,-171.40000000000038
543,-955.2249999999997,-171.40000000000038
544,955.2249999999997,-171.40000000000038
545,-999.3999999999996,-171.40000000000038
546,999.3999999999996,-171.40000000000038
547,-1043.5749999999996,-171.40000000000038
548,1043.5749999999996,-171.40000000000038
549,-1087.7499999999995,-171.40000000000038
550,1087.7499999999995,-171.40000000000038
551,-1131.9249999999995,-171.40000000000038
552,1131.9249999999995,-171.40000000000038
553,-292.6000000000001,-257.10000000000036
554,292.6000000000001,-257.10000000000036
555,-336.7750000000001,-257.10000000000036
556,336.7750000000001,-257.10000000000036
557,-380.9500000000001,-257.10000000000036
558,380.9500000000001,-257.10000000000036
559,-425.1250000000001,-257.10000000000036
560,425.1250000000001,-257.10000000000036
561,-469.3000000000001,-257.10000000000036
562,469.3000000000001,-257.10000000000036
563,-513.4750000000001,-257.10000000000036
564,513.4750000000001,-257.10000000000036
565,-557.6500000000001,-257.10000000000036
566,557.6500000000001,-257.10000000000036
567,-601.825,-257.10000000000036
568,601.825,-257.10000000000036
569,-646.0,-257.10000000000036
570,646.0,-257.10000000000036
571,-690.175,-257.10000000000036
572,690.175,-257.10000000000036
573,-734.3499999999999,-257.10000000000036
574,734.3499999999999,-257.10000000000036
575,-778.5249999999999,-257.10000000000036
576,778.5249999999999,-257.10000000000036
577,-822.6999999999998,-257.10000000000036
578,822.6999999999998,-257.10000000000036
579,-866.8749999999998,-257.10000000000036
580,866.8749999999998,-257.10000000000036
581,-911.0499999999997,-257.10000000000036
582,911.0499999999997,-257.10000000000036
583,-955.2249999999997,-257.10000000000036
584,955.2249999999997,-257.10000000000036
585,-999.3999999999996,-257.10000000000036
586,999.3999999999996,-257.10000000000036
587,-1043.5749999999996,-257.10000000000036
588,1043.5749999999996,-257.10000000000036
589,-1087.7499999999995,-257.10000000000036
590,1087.7499999999995,-257.10000000000036
591,-292.6000000000001,-342.80000000000035
592,292.6000000000001,-342.80000000000035
593,-336.7750000000001,-342.80000000000035
594,336.7750000000001,-342.80000000000035
595,-380.9500000000001,-342.80000000000035
596,380.9500000000001,-342.80000000000035
597,-425.1250000000001,-342.80000000000035
598,425.1250000000001,-342.80000000000035
599,-469.3000000000001,-342.80000000000035
600,469.3000000000001,-342.80000000000035
601,-513.4750000000001,-342.80000000000035
602,513.4750000000001,-342.80000000000035
603,-557.6500000000001,-342.80000000000035
604,557.6500000000001,-342.80000000000035
605,-601.825,-342.80000000000035
606,601.825,-342.80000000000035
607,-646.0,-342.80000000000035
608,646.0,-342.80000000000035
609,-690.175,-342.80000000000035
610,690.175,-342.80000000000035
611,-734.3499999999999,-342.80000000000035
612,734.3499999999999,-342.80000000000035
613,-778.5249999999999,-342.80000000000035
614,778.5249999999999,-342.80000000000035
615,-822.6999999999998,-342.80000000000035
616,822.6999999999998,-342.80000000000035
617,-866.8749999999998,-342.80000000000035
618,866.8749999999998,-342.80000000000035
619,-911.0499999999997,-342.80000000000035
620,911.0499999999997,-342.80000000000035
621,-955.2249999999997,-342.80000000000035
622,955.2249999999997,-342.80000000000035
623,999.3999999999996,-342.80000000000035
624,1043.5749999999996,-342.80000000000035
625,1087.7499999999995,-342.80000000000035
626,-27.550000000000033,-428.50000000000034
627,27.550000000000033,-428.50000000000034
628,-71.72500000000004,-428.50000000000034
629,71.72500000000004,-428.50000000000034
630,-115.90000000000003,-428.50000000000034
631,115.90000000000003,-428.50000000000034
632,-160.07500000000005,-428.50000000000034
633,-204.25000000000006,-428.50000000000034
634,-248.42500000000007,-428.50000000000034
635,248.42500000000007,-428.50000000000034
636,-292.6000000000001,-428.50000000000034
637,292.6000000000001,-428.50000000000034
638,-336.7750000000001,-428.50000000000034
639,336.7750000000001,-428.50000000000034
640,-380.9500000000001,-428.50000000000034
641,380.9500000000001,-428.50000000000034
642,-425.1250000000001,-428.50000000000034
643,425.1250000000001,-428.50000000000034
644,-469.3000000000001,-428.50000000000034
645,469.3000000000001,-428.50000000000034
646,-513.4750000000001,-428.50000000000034
647,513.4750000000001,-428.50000000000034
648,-557.6500000000001,-428.50000000000034
649,557.6500000000001,-428.50000000000034
650,-601.825,-428.50000000000034
651,601.825,-428.50000000000034
652,-646.0,-428.50000000000034
653,646.0,-428.50000000000034
654,-690.175,-428.50000000000034
655,690.175,-428.50000000000034
656,-734.3499999999999,-428.50000000000034
657,734.3499999999999,-428.50000000000034
658,-778.5249999999999,-428.50000000000034
659,778.5249999999999,-428.50000000000034
660,-822.6999999999998,-428.50000000000034
661,822.6999999999998,-428.50000000000034
662,-866.8749999999998,-428.50000000000034
663,866.8749999999998,-428.50000000000034
664,-911.0499999999997,-428.50000000000034
665,911.0499999999997,-428.50000000000034
666,-955.2249999999997,-428.50000000000034
667,955.2249999999997,-428.50000000000034
668,-27.550000000000033,-514.2000000000004
669,27.550000000000033,-514.2000000000004
670,-71.72500000000004,-514.2000000000004
671,71.72500000000004,-514.2000000000004
672,-115.90000000000003,-514.2000000000004
673,115.90000000000003,-514.2000000000004
674,-160.07500000000005,-514.2000000000004
675,160.07500000000005,-514.2000000000004
676,-204.25000000000006,-514.2000000000004
677,204.25000000000006,-514.2000000000004
678,-248.42500000000007,-514.2000000000004
679,248.42500000000007,-514.2000000000004
680,-292.6000000000001,-514.2000000000004
681,292.6000000000001,-514.2000000000004
682,-336.7750000000001,-514.2000000000004
683,336.7750000000001,-514.2000000000004
684,-380.9500000000001,-514.2000000000004
685,380.9500000000001,-514.2000000000004
686,-425.1250000000001,-514.2000000000004
687,425.1250000000001,-514.2000000000004
688,-469.3000000000001,-514.2000000000004
689,469.3000000000001,-514.2000000000004
690,-513.4750000000001,-514.2000000000004
691,513.4750000000001,-514.2000000000004
692,-557.6500000000001,-514.2000000000004
693,557.6500000000001,-514.2000000000004
694,-601.825,-514.2000000000004
695,601.825,-514.2000000000004
696,-646.0,-514.2000000000004
697,646.0,-514.2000000000004
698,-690.175,-514.2000000000004
699,690.175,-514.2000000000004
700,-734.3499999999999,-514.2000000000004
701,734.3499999999999,-514.2000000000004
702,-778.5249999999999,-514.2000000000004
703,778.5249999999999,-514.2000000000004
704,-822.6999999999998,-514.2000000000004
705,822.6999999999998,-514.2000000000004
706,-866.8749999999998,-514.2000000000004
707,866.8749999999998,-514.2000000000004
708,-911.0499999999997,-514.2000000000004
709,911.0499999999997,-514.2000000000004
710,-955.2249999999997,-514.2000000000004
711,955.2249999999997,-514.2000000000004
712,-999.3999999999996,-514.2000000000004
713,999.3999999999996,-514.2000000000004
714,-27.550000000000033,-599.9000000000004
715,27.550000000000033,-599.9000000000004
716,-71.72500000000004,-599.9000000000004
717,71.72500000000004,-599.9000000000004
718,-115.90000000000003,-599.9000000000004
719,115.90000000000003,-599.9000000000004
720,-160.07500000000005,-599.9000000000004
721,160.07500000000005,-599.9000000000004
722,-204.25000000000006,-599.9000000000004
723,204.25000000000006,-599.9000000000004
724,-248.42500000000007,-599.9000000000004
725,248.42500000000007,-599.9000000000004
726,-292.6000000000001,-599.9000000000004
727,292.6000000000001,-599.9000000000004
728,-336.7750000000001,-599.9000000000004
729,336.7750000000001,-599.9000000000004
730,-380.9500000000001,-599.9000000000004
731,380.9500000000001,-599.9000000000004
732,-425.1250000000001,-599.9000000000004
733,425.1250000000001,-599.9000000000004
734,-469.3000000000001,-599.9000000000004
735,469.3000000000001,-599.9000000000004
736,-513.4750000000001,-599.9000000000004
737,513.4750000000001,-599.9000000000004
738,-557.6500000000001,-599.9000000000004
739,557.6500000000001,-599.9000000000004
740,-601.825,-599.9000000000004
741,601.825,-599.9000000000004
742,-646.0,-599.9000000000004
743,646.0,-599.9000000000004
744,-690.175,-599.9000000000004
745,690.175,-599.9000000000004
746,-734.3499999999999,-599.9000000000004
747,734.3499999999999,-599.9000000000004
748,-778.5249999999999,-599.9000000000004
749,778.5249999999999,-599.9000000000004
750,-822.6999999999998,-599.9000000000004
751,822.6999999999998,-599.9000000000004
752,-866.8749999999998,-599.9000000000004
753,866.8749999999998,-599.9000000000004
754,-911.0499999999997,-599.9000000000004
755,911.0499999999997,-599.9000000000004
756,-955.2249999999997,-599.9000000000004
757,955.2249999999997,-599.9000000000004
758,-27.550000000000033,-685.6000000000005
759,27.550000000000033,-685.6000000000005
760,-71.72500000000004,-685.6000000000005
761,71.72500000000004,-685.6000000000005
762,-115.90000000000003,-685.6000000000005
763,115.90000000000003,-685.6000000000005
764,-160.07500000000005,-685.6000000000005
765,160.07500000000005,-685.6000000000005
766,-204.25000000000006,-685.6000000000005
767,204.25000000000006,-685.6000000000005
768,-248.42500000000007,-685.6000000000005
769,248.42500000000007,-685.6000000000005
770,-292.6000000000001,-685.6000000000005
771,292.6000000000001,-685.6000000000005
772,-336.7750000000001,-685.6000000000005
773,336.7750000000001,-685.6000000000005
774,-380.9500000000001,-685.6000000000005
775,380.9500000000001,-685.6000000000005
776,-425.1250000000001,-685.6000000000005
777,425.1250000000001,-685.6000000000005
778,-469.3000000000001,-685.6000000000005
779,469.3000000000001,-685.6000000000005
780,-513.4750000000001,-685.6000000000005
781,513.4750000000001,-685.6000000000005
782,-557.6500000000001,-685.6000000000005
783,557.6500000000001,-685.6000000000005
784,-601.825,-685.6000000000005
785,601.825,-685.6000000000005
786,-646.0,-685.6000000000005
787,646.0,-685.6000000000005
788,-690.175,-685.6000000000005
789,690.175,-685.6000000000005
790,-734.3499999999999,-685.6000000000005
791,734.3499999999999,-685.6000000000005
792,-778.5249999999999,-685.6000000000005
793,778.5249999999999,-685.6000000000005
794,-822.6999999999998,-685.6000000000005
795,822.6999999999998,-685.6000000000005
796,-866.8749999999998,-685.6000000000005
797,866.8749999999998,-685.6000000000005
798,-911.0499999999997,-685.6000000000005
799,911.0499999999997,-685.6000000000005
800,-27.550000000000033,-771.3000000000005
801,27.550000000000033,-771.3000000000005
802,-71.72500000000004,-771.3000000000005
803,71.72500000000004,-771.3000000000005
804,-115.90000000000003,-771.3000000000005
805,115.90000000000003,-771.3000000000005
806,-160.07500000000005,-771.3000000000005
807,160.07500000000005,-771.3000000000005
808,-204.25000000000006,-771.3000000000005
809,204.25000000000006,-771.3000000000005
810,-248.42500000000007,-771.3000000000005
811,248.42500000000007,-771.3000000000005
812,-292.6000000000001,-771.3000000000005
813,292.6000000000001,-771.3000000000005
814,-336.7750000000001,-771.3000000000005
815,336.7750000000001,-771.3000000000005
816,-380.9500000000001,-771.3000000000005
817,380.9500000000001,-771.3000000000005
818,-425.1250000000001,-771.3000000000005
819,425.1250000000001,-771.3000000000005
820,-469.3000000000001,-771.3000000000005
821,469.3000000000001,-771.3000000000005
822,-513.4750000000001,-771.3000000000005
823,513.4750000000001,-771.3000000000005
824,-557.6500000000001,-771.3000000000005
825,557.6500000000001,-771.3000000000005
826,-601.825,-771.3000000000005
827,601.825,-771.3000000000005
828,-646.0,-771.3000000000005
829,646.0,-771.3000000000005
830,-690.175,-771.3000000000005
831,690.175,-771.3000000000005
832,-734.3499999999999,-771.3000000000005
833,734.3499999999999,-771.3000000000005
834,-778.5249999999999,-771.3000000000005
835,778.5249999999999,-771.3000000000005
836,-822.6999999999998,-771.3000000000005
837,822.6999999999998,-771.3000000000005
838,-27.550000000000033,-857.0000000000006
839,27.550000000000033,-857.0000000000006
840,-71.72500000000004,-857.0000000000006
841,71.72500000000004,-857.0000000000006
842,-115.90000000000003,-857.0000000000006
843,115.90000000000003,-857.0000000000006
844,-160.07500000000005,-857.0000000000006
845,160.07500000000005,-857.0000000000006
846,-204.25000000000006,-857.0000000000006
847,204.25000000000006,-857.0000000000006
848,-248.42500000000007,-857.0000000000006
849,248.42500000000007,-857.0000000000006
850,-292.6000000000001,-857.0000000000006
851,292.6000000000001,-857.0000000000006
852,-336.7750000000001,-857.0000000000006
853,336.7750000000001,-857.0000000000006
854,-380.9500000000001,-857.0000000000006
855,380.9500000000001,-857.0000000000006
856,-425.1250000000001,-857.0000000000006
857,425.1250000000001,-857.0000000000006
858,-469.3000000000001,-857.0000000000006
859,469.3000000000001,-857.0000000000006
860,-513.4750000000001,-857.0000000000006
861,513.4750000000001,-857.0000000000006
862,-557.6500000000001,-857.0000000000006
863,557.6500000000001,-857.0000000000006
864,-601.825,-857.0000000000006
865,601.825,-857.0000000000006
866,-646.0,-857.0000000000006
867,646.0,-857.0000000000006
868,-690.175,-857.0000000000006
869,690.175,-857.0000000000006
870,-734.3499999999999,-857.0000000000006
871,734.3499999999999,-857.0000000000006
872,-27.550000000000033,-942.7000000000006
873,27.550000000000033,-942.7000000000006
874,-71.72500000000004,-942.7000000000006
875,71.72500000000004,-942.7000000000006
876,-115.90000000000003,-942.7000000000006
877,115.90000000000003,-942.7000000000006
878,-160.07500000000005,-942.7000000000006
879,160.07500000000005,-942.7000000000006
880,-204.25000000000006,-942.7000000000006
881,204.25000000000006,-942.7000000000006
882,-248.42500000000007,-942.7000000000006
883,248.42500000000007,-942.7000000000006
884,-292.6000000000001,-942.7000000000006
885,292.6000000000001,-942.7000000000006
886,-336.7750000000001,-942.7000000000006
887,336.7750000000001,-942.7000000000006
888,-380.9500000000001,-942.7000000000006
889,380.9500000000001,-942.7000000000006
890,-425.1250000000001,-942.7000000000006
891,425.1250000000001,-942.7000000000006
892,-469.3000000000001,-942.7000000000006
893,469.3000000000001,-942.7000000000006
894,-513.4750000000001,-942.7000000000006
895,513.4750000000001,-942.7000000000006
896,-557.6500000000001,-942.7000000000006
897,557.6500000000001,-942.7000000000006
898,-601.825,-942.7000000000006
899,601.825,-942.7000000000006
900,-646.0,-942.7000000000006
901,646.0,-942.7000000000006
902,-115.90000000000003,-1028.4000000000005
903,115.90000000000003,-1028.4000000000005
904,-160.07500000000005,-1028.4000000000005
905,160.07500000000005,-1028.4000000000005
906,-204.25000000000006,-1028.4000000000005
907,204.25000000000006,-1028.4000000000005
908,-248.42500000000007,-1028.4000000000005
909,248.42500000000007,-1028.4000000000005
910,-292.6000000000001,-1028.4000000000005
911,292.6000000000001,-1028.4000000000005
912,-336.7750000000001,-1028.4000000000005
913,336.7750000000001,-1028.4000000000005
914,-380.9500000000001,-1028.4000000000005
915,380.9500000000001,-1028.4000000000005
916,-425.1250000000001,-1028.4000000000005
917,425.1250000000001,-1028.4000000000005
918,-469.3000000000001,-1028.4000000000005
919,469.3000000000001,-1028.4000000000005
920,-513.4750000000001,-1028.4000000000005
921,513.4750000000001,-1028.4000000000005
922,-115.90000000000003,-1114.1000000000006
923,115.90000000000003,-1114.1000000000006
924,-160.07500000000005,-1114.1000000000006
925,160.07500000000005,-1114.1000000000006
926,-204.25000000000006,-1114.1000000000006
927,204.25000000000006,-1114.1000000000006
928,-248.42500000000007,-1114.1000000000006
929,248.42500000000007,-1114.1000000000006
930,-292.6000000000001,-1114.1000000000006
931,292.6000000000001,-1114.1000000000006
