,X,Y
0,158.35,-1072.25
1,201.95,-1072.25
2,245.55,-1072.25
3,27.55,-986.55
4,71.15,-986.55
5,114.75,-986.55
6,158.35,-986.55
7,201.95,-986.55
8,245.55,-986.55
9,289.15,-986.55
10,332.75,-986.55
11,376.35,-986.55
12,419.95,-986.55
13,463.55,-986.55
14,507.15,-986.55
15,27.55,-900.85
16,71.15,-900.85
17,114.75,-900.85
18,158.35,-900.85
19,201.95,-900.85
20,245.55,-900.85
21,289.15,-900.85
22,332.75,-900.85
23,376.35,-900.85
24,419.95,-900.85
25,463.55,-900.85
26,507.15,-900.85
27,550.75,-900.85
28,594.35,-900.85
29,637.95,-900.85
30,681.55,-900.85
31,27.55,-815.15
32,71.15,-815.15
33,114.75,-815.15
34,158.35,-815.15
35,201.95,-815.15
36,245.55,-815.15
37,289.15,-815.15
38,332.75,-815.15
39,376.35,-815.15
40,419.95,-815.15
41,463.55,-815.15
42,507.15,-815.15
43,550.75,-815.15
44,594.35,-815.15
45,637.95,-815.15
46,681.55,-815.15
47,725.15,-815.15
48,768.75,-815.15
49,27.55,-729.45
50,71.15,-729.45
51,114.75,-729.45
52,158.35,-729.45
53,201.95,-729.45
54,245.55,-729.45
55,289.15,-729.45
56,332.75,-729.45
57,376.35,-729.45
58,419.95,-729.45
59,463.55,-729.45
60,507.15,-729.45
61,550.75,-729.45
62,594.35,-729.45
63,637.95,-729.45
64,681.55,-729.45
65,725.15,-729.45
66,768.75,-729.45
67,812.35,-729.45
68,855.95,-729.45
69,27.55,-643.75
70,71.15,-643.75
71,114.75,-643.75
72,158.35,-643.75
73,201.95,-643.75
74,245.55,-643.75
75,289.15,-643.75
76,332.75,-643.75
77,376.35,-643.75
78,419.95,-643.75
79,463.55,-643.75
80,507.15,-643.75
81,550.75,-643.75
82,594.35,-643.75
83,637.95,-643.75
84,681.55,-643.75
85,725.15,-643.75
86,768.75,-643.75
87,812.35,-643.75
88,855.95,-643.75
89,899.55,-643.75
90,27.55,-558.05
91,71.15,-558.05
92,114.75,-558.05
93,158.35,-558.05
94,201.95,-558.05
95,245.55,-558.05
96,289.15,-558.05
97,332.75,-558.05
98,376.35,-558.05
99,419.95,-558.05
100,463.55,-558.05
101,507.15,-558.05
102,550.75,-558.05
103,594.35,-558.05
104,637.95,-558.05
105,681.55,-558.05
106,725.15,-558.05
107,768.75,-558.05
108,812.35,-558.05
109,855.95,-558.05
110,899.55,-558.05
111,943.15,-558.05
112,986.75,-558.05
113,27.55,-472.35
114,71.15,-472.35
115,114.75,-472.35
116,158.35,-472.35
117,201.95,-472.35
118,245.55,-472.35
119,289.15,-472.35
120,332.75,-472.35
121,376.35,-472.35
122,419.95,-472.35
123,463.55,-472.35
124,507.15,-472.35
125,550.75,-472.35
126,594.35,-472.35
127,637.95,-472.35
128,681.55,-472.35
129,725.15,-472.35
130,768.75,-472.35
131,812.35,-472.35
132,855.95,-472.35
133,899.55,-472.35
134,943.15,-472.35
135,986.75,-472.35
136,27.55,-385.65
137,71.15,-385.65
138,114.75,-385.65
139,245.55,-385.65
140,289.15,-385.65
141,332.75,-385.65
142,376.35,-385.65
143,419.95,-385.65
144,463.55,-385.65
145,507.15,-385.65
146,550.75,-385.65
147,594.35,-385.65
148,637.95,-385.65
149,681.55,-385.65
150,725.15,-385.65
151,768.75,-385.65
152,812.35,-385.65
153,855.95,-385.65
154,899.55,-385.65
155,943.15,-385.65
156,289.15,-299.95
157,332.75,-299.95
158,376.35,-299.95
159,419.95,-299.95
160,463.55,-299.95
161,507.15,-299.95
162,550.75,-299.95
163,594.35,-299.95
164,637.95,-299.95
165,681.55,-299.95
166,725.15,-299.95
167,768.75,-299.95
168,812.35,-299.95
169,855.95,-299.95
170,899.55,-299.95
171,943.15,-299.95
172,986.75,-299.95
173,1030.35,-299.95
174,1073.95,-299.95
175,332.75,-214.25
176,376.35,-214.25
177,419.95,-214.25
178,463.55,-214.25
179,507.15,-214.25
180,550.75,-214.25
181,594.35,-214.25
182,637.95,-214.25
183,681.55,-214.25
184,725.15,-214.25
185,768.75,-214.25
186,812.35,-214.25
187,855.95,-214.25
188,899.55,-214.25
189,943.15,-214.25
190,986.75,-214.25
191,1030.35,-214.25
192,1073.95,-214.25
193,376.35,-128.55
194,419.95,-128.55
195,463.55,-128.55
196,507.15,-128.55
197,550.75,-128.55
198,594.35,-128.55
199,637.95,-128.55
200,681.55,-128.55
201,725.15,-128.55
202,768.75,-128.55
203,812.35,-128.55
204,855.95,-128.55
205,899.55,-128.55
206,943.15,-128.55
207,986.75,-128.55
208,1030.35,-128.55
209,1073.95,-128.55
210,463.55,-42.85
211,507.15,-42.85
212,550.75,-42.85
213,594.35,-42.85
214,637.95,-42.85
215,681.55,-42.85
216,725.15,-42.85
217,768.75,-42.85
218,812.35,-42.85
219,855.95,-42.85
220,899.55,-42.85
221,943.15,-42.85
222,986.75,-42.85
223,1030.35,-42.85
224,1073.95,-42.85
225,463.55,42.85
226,507.15,42.85
227,550.75,42.85
228,594.35,42.85
229,637.95,42.85
230,681.55,42.85
231,725.15,42.85
232,768.75,42.85
233,812.35,42.85
234,855.95,42.85
235,899.55,42.85
236,943.15,42.85
237,986.75,42.85
238,1030.35,42.85
239,1073.95,42.85
240,376.35,128.55
241,419.95,128.55
242,463.55,128.55
243,507.15,128.55
244,550.75,128.55
245,594.35,128.55
246,637.95,128.55
247,681.55,128.55
248,725.15,128.55
249,768.75,128.55
250,812.35,128.55
251,855.95,128.55
252,899.55,128.55
253,943.15,128.55
254,986.75,128.55
255,1030.35,128.55
256,1073.95,128.55
257,332.75,214.25
258,376.35,214.25
259,419.95,214.25
260,463.55,214.25
261,507.15,214.25
262,550.75,214.25
263,594.35,214.25
264,637.95,214.25
265,681.55,214.25
266,725.15,214.25
267,768.75,214.25
268,812.35,214.25
269,855.95,214.25
270,899.55,214.25
271,943.15,214.25
272,986.75,214.25
273,1030.35,214.25
274,1073.95,214.25
275,289.15,299.95
276,332.75,299.95
277,376.35,299.95
278,419.95,299.95
279,463.55,299.95
280,507.15,299.95
281,550.75,299.95
282,594.35,299.95
283,637.95,299.95
284,681.55,299.95
285,725.15,299.95
286,768.75,299.95
287,812.35,299.95
288,855.95,299.95
289,899.55,299.95
290,943.15,299.95
291,986.75,299.95
292,1030.35,299.95
293,1073.95,299.95
294,289.15,385.65
295,332.75,385.65
296,376.35,385.65
297,419.95,385.65
298,463.55,385.65
299,507.15,385.65
300,550.75,385.65
301,594.35,385.65
302,637.95,385.65
303,681.55,385.65
304,725.15,385.65
305,768.75,385.65
306,812.35,385.65
307,855.95,385.65
308,899.55,385.65
309,943.15,385.65
310,27.55,471.35
311,71.15,471.35
312,114.75,471.35
313,158.35,471.35
314,201.95,471.35
315,245.55,471.35
316,289.15,471.35
317,332.75,471.35
318,376.35,471.35
319,419.95,471.35
320,463.55,471.35
321,507.15,471.35
322,550.75,471.35
323,594.35,471.35
324,637.95,471.35
325,681.55,471.35
326,725.15,471.35
327,768.75,471.35
328,812.35,471.35
329,855.95,471.35
330,899.55,471.35
331,943.15,471.35
332,27.55,557.05
333,71.15,557.05
334,114.75,557.05
335,158.35,557.05
336,201.95,557.05
337,245.55,557.05
338,289.15,557.05
339,332.75,557.05
340,376.35,557.05
341,419.95,557.05
342,463.55,557.05
343,507.15,557.05
344,550.75,557.05
345,594.35,557.05
346,637.95,557.05
347,681.55,557.05
348,725.15,557.05
349,768.75,557.05
350,812.35,557.05
351,855.95,557.05
352,899.55,557.05
353,943.15,557.05
354,986.75,557.05
355,27.55,642.75
356,71.15,642.75
357,114.75,642.75
358,158.35,642.75
359,201.95,642.75
360,245.55,642.75
361,289.15,642.75
362,332.75,642.75
363,376.35,642.75
364,419.95,642.75
365,463.55,642.75
366,507.15,642.75
367,550.75,642.75
368,594.35,642.75
369,637.95,642.75
370,681.55,642.75
371,725.15,642.75
372,768.75,642.75
373,812.35,642.75
374,855.95,642.75
375,899.55,642.75
376,943.15,642.75
377,27.55,728.45
378,71.15,728.45
379,114.75,728.45
380,158.35,728.45
381,201.95,728.45
382,245.55,728.45
383,289.15,728.45
384,332.75,728.45
385,376.35,728.45
386,419.95,728.45
387,463.55,728.45
388,507.15,728.45
389,550.75,728.45
390,594.35,728.45
391,637.95,728.45
392,681.55,728.45
393,725.15,728.45
394,768.75,728.45
395,812.35,728.45
396,855.95,728.45
397,27.55,814.15
398,71.15,814.15
399,114.75,814.15
400,158.35,814.15
401,201.95,814.15
402,245.55,814.15
403,289.15,814.15
404,332.75,814.15
405,376.35,814.15
406,419.95,814.15
407,463.55,814.15
408,507.15,814.15
409,550.75,814.15
410,594.35,814.15
411,637.95,814.15
412,681.55,814.15
413,725.15,814.15
414,768.75,814.15
415,27.55,899.85
416,71.15,899.85
417,114.75,899.85
418,158.35,899.85
419,201.95,899.85
420,245.55,899.85
421,289.15,899.85
422,332.75,899.85
423,376.35,899.85
424,419.95,899.85
425,463.55,899.85
426,507.15,899.85
427,550.75,899.85
428,594.35,899.85
429,637.95,899.85
430,681.55,899.85
431,27.55,985.55
432,71.15,985.55
433,114.75,985.55
434,158.35,985.55
435,201.95,985.55
436,245.55,985.55
437,289.15,985.55
438,332.75,985.55
439,376.35,985.55
440,419.95,985.55
441,463.55,985.55
442,507.15,985.55
443,550.75,985.55
444,114.75,1071.25
445,158.35,1071.25
446,201.95,1071.25
447,245.55,1071.25
448,289.15,1071.25
449,332.75,1071.25
450,376.35,1071.25
451,-158.35,-1072.25
452,-201.95,-1072.25
453,-245.55,-1072.25
454,-27.55,-986.55
455,-71.15,-986.55
456,-114.75,-986.55
457,-158.35,-986.55
458,-201.95,-986.55
459,-245.55,-986.55
460,-289.15,-986.55
461,-332.75,-986.55
462,-376.35,-986.55
463,-419.95,-986.55
464,-463.55,-986.55
465,-507.15,-986.55
466,-27.55,-900.85
467,-71.15,-900.85
468,-114.75,-900.85
469,-158.35,-900.85
470,-201.95,-900.85
471,-245.55,-900.85
472,-289.15,-900.85
473,-332.75,-900.85
474,-376.35,-900.85
475,-419.95,-900.85
476,-463.55,-900.85
477,-507.15,-900.85
478,-550.75,-900.85
479,-594.35,-900.85
480,-637.95,-900.85
481,-681.55,-900.85
482,-27.55,-815.15
483,-71.15,-815.15
484,-114.75,-815.15
485,-158.35,-815.15
486,-201.95,-815.15
487,-245.55,-815.15
488,-289.15,-815.15
489,-332.75,-815.15
490,-376.35,-815.15
491,-419.95,-815.15
492,-463.55,-815.15
493,-507.15,-815.15
494,-550.75,-815.15
495,-594.35,-815.15
496,-637.95,-815.15
497,-681.55,-815.15
498,-725.15,-815.15
499,-768.75,-815.15
500,-27.55,-729.45
501,-71.15,-729.45
502,-114.75,-729.45
503,-158.35,-729.45
504,-201.95,-729.45
505,-245.55,-729.45
506,-289.15,-729.45
507,-332.75,-729.45
508,-376.35,-729.45
509,-419.95,-729.45
510,-463.55,-729.45
511,-507.15,-729.45
512,-550.75,-729.45
513,-594.35,-729.45
514,-637.95,-729.45
515,-681.55,-729.45
516,-725.15,-729.45
517,-768.75,-729.45
518,-812.35,-729.45
519,-855.95,-729.45
520,-27.55,-643.75
521,-71.15,-643.75
522,-114.75,-643.75
523,-158.35,-643.75
524,-201.95,-643.75
525,-245.55,-643.75
526,-289.15,-643.75
527,-332.75,-643.75
528,-376.35,-643.75
529,-419.95,-643.75
530,-463.55,-643.75
531,-507.15,-643.75
532,-550.75,-643.75
533,-594.35,-643.75
534,-637.95,-643.75
535,-681.55,-643.75
536,-725.15,-643.75
537,-768.75,-643.75
538,-812.35,-643.75
539,-855.95,-643.75
540,-899.55,-643.75
541,-27.55,-558.05
542,-71.15,-558.05
543,-114.75,-558.05
544,-158.35,-558.05
545,-201.95,-558.05
546,-245.55,-558.05
547,-289.15,-558.05
548,-332.75,-558.05
549,-376.35,-558.05
550,-419.95,-558.05
551,-463.55,-558.05
552,-507.15,-558.05
553,-550.75,-558.05
554,-594.35,-558.05
555,-637.95,-558.05
556,-681.55,-558.05
557,-725.15,-558.05
558,-768.75,-558.05
559,-812.35,-558.05
560,-855.95,-558.05
561,-899.55,-558.05
562,-943.15,-558.05
563,-986.75,-558.05
564,-27.55,-472.35
565,-71.15,-472.35
566,-114.75,-472.35
567,-158.35,-472.35
568,-201.95,-472.35
569,-245.55,-472.35
570,-289.15,-472.35
571,-332.75,-472.35
572,-376.35,-472.35
573,-419.95,-472.35
574,-463.55,-472.35
575,-507.15,-472.35
576,-550.75,-472.35
577,-594.35,-472.35
578,-637.95,-472.35
579,-681.55,-472.35
580,-725.15,-472.35
581,-768.75,-472.35
582,-812.35,-472.35
583,-855.95,-472.35
584,-899.55,-472.35
585,-943.15,-472.35
586,-986.75,-472.35
587,-27.55,-385.65
588,-71.15,-385.65
589,-114.75,-385.65
590,-245.55,-385.65
591,-289.15,-385.65
592,-332.75,-385.65
593,-376.35,-385.65
594,-419.95,-385.65
595,-463.55,-385.65
596,-507.15,-385.65
597,-550.75,-385.65
598,-594.35,-385.65
599,-637.95,-385.65
600,-681.55,-385.65
601,-725.15,-385.65
602,-768.75,-385.65
603,-812.35,-385.65
604,-855.95,-385.65
605,-899.55,-385.65
606,-943.15,-385.65
607,-289.15,-299.95
608,-332.75,-299.95
609,-376.35,-299.95
610,-419.95,-299.95
611,-463.55,-299.95
612,-507.15,-299.95
613,-550.75,-299.95
614,-594.35,-299.95
615,-637.95,-299.95
616,-681.55,-299.95
617,-725.15,-299.95
618,-768.75,-299.95
619,-812.35,-299.95
620,-855.95,-299.95
621,-899.55,-299.95
622,-943.15,-299.95
623,-986.75,-299.95
624,-1030.35,-299.95
625,-1073.95,-299.95
626,-332.75,-214.25
627,-376.35,-214.25
628,-419.95,-214.25
629,-463.55,-214.25
630,-507.15,-214.25
631,-550.75,-214.25
632,-594.35,-214.25
633,-637.95,-214.25
634,-681.55,-214.25
635,-725.15,-214.25
636,-768.75,-214.25
637,-812.35,-214.25
638,-855.95,-214.25
639,-899.55,-214.25
640,-943.15,-214.25
641,-986.75,-214.25
642,-1030.35,-214.25
643,-1073.95,-214.25
644,-376.35,-128.55
645,-419.95,-128.55
646,-463.55,-128.55
647,-507.15,-128.55
648,-550.75,-128.55
649,-594.35,-128.55
650,-637.95,-128.55
651,-681.55,-128.55
652,-725.15,-128.55
653,-768.75,-128.55
654,-812.35,-128.55
655,-855.95,-128.55
656,-899.55,-128.55
657,-943.15,-128.55
658,-986.75,-128.55
659,-1030.35,-128.55
660,-1073.95,-128.55
661,-463.55,-42.85
662,-507.15,-42.85
663,-550.75,-42.85
664,-594.35,-42.85
665,-637.95,-42.85
666,-681.55,-42.85
667,-725.15,-42.85
668,-768.75,-42.85
669,-812.35,-42.85
670,-855.95,-42.85
671,-899.55,-42.85
672,-943.15,-42.85
673,-986.75,-42.85
674,-1030.35,-42.85
675,-1073.95,-42.85
676,-463.55,42.85
677,-507.15,42.85
678,-550.75,42.85
679,-594.35,42.85
680,-637.95,42.85
681,-681.55,42.85
682,-725.15,42.85
683,-768.75,42.85
684,-812.35,42.85
685,-855.95,42.85
686,-899.55,42.85
687,-943.15,42.85
688,-986.75,42.85
689,-1030.35,42.85
690,-1073.95,42.85
691,-376.35,128.55
692,-419.95,128.55
693,-463.55,128.55
694,-507.15,128.55
695,-550.75,128.55
696,-594.35,128.55
697,-637.95,128.55
698,-681.55,128.55
699,-725.15,128.55
700,-768.75,128.55
701,-812.35,128.55
702,-855.95,128.55
703,-899.55,128.55
704,-943.15,128.55
705,-986.75,128.55
706,-1030.35,128.55
707,-1073.95,128.55
708,-332.75,214.25
709,-376.35,214.25
710,-419.95,214.25
711,-463.55,214.25
712,-507.15,214.25
713,-550.75,214.25
714,-594.35,214.25
715,-637.95,214.25
716,-681.55,214.25
717,-725.15,214.25
718,-768.75,214.25
719,-812.35,214.25
720,-855.95,214.25
721,-899.55,214.25
722,-943.15,214.25
723,-986.75,214.25
724,-1030.35,214.25
725,-1073.95,214.25
726,-289.15,299.95
727,-332.75,299.95
728,-376.35,299.95
729,-419.95,299.95
730,-463.55,299.95
731,-507.15,299.95
732,-550.75,299.95
733,-594.35,299.95
734,-637.95,299.95
735,-681.55,299.95
736,-725.15,299.95
737,-768.75,299.95
738,-812.35,299.95
739,-855.95,299.95
740,-899.55,299.95
741,-943.15,299.95
742,-986.75,299.95
743,-1030.35,299.95
744,-1073.95,299.95
745,-289.15,385.65
746,-332.75,385.65
747,-376.35,385.65
748,-419.95,385.65
749,-463.55,385.65
750,-507.15,385.65
751,-550.75,385.65
752,-594.35,385.65
753,-637.95,385.65
754,-681.55,385.65
755,-725.15,385.65
756,-768.75,385.65
757,-812.35,385.65
758,-855.95,385.65
759,-899.55,385.65
760,-943.15,385.65
761,-27.55,471.35
762,-71.15,471.35
763,-114.75,471.35
764,-158.35,471.35
765,-201.95,471.35
766,-245.55,471.35
767,-289.15,471.35
768,-332.75,471.35
769,-376.35,471.35
770,-419.95,471.35
771,-463.55,471.35
772,-507.15,471.35
773,-550.75,471.35
774,-594.35,471.35
775,-637.95,471.35
776,-681.55,471.35
777,-725.15,471.35
778,-768.75,471.35
779,-812.35,471.35
780,-855.95,471.35
781,-899.55,471.35
782,-943.15,471.35
783,-27.55,557.05
784,-71.15,557.05
785,-114.75,557.05
786,-158.35,557.05
787,-201.95,557.05
788,-245.55,557.05
789,-289.15,557.05
790,-332.75,557.05
791,-376.35,557.05
792,-419.95,557.05
793,-463.55,557.05
794,-507.15,557.05
795,-550.75,557.05
796,-594.35,557.05
797,-637.95,557.05
798,-681.55,557.05
799,-725.15,557.05
800,-768.75,557.05
801,-812.35,557.05
802,-855.95,557.05
803,-899.55,557.05
804,-943.15,557.05
805,-986.75,557.05
806,-27.55,642.75
807,-71.15,642.75
808,-114.75,642.75
809,-158.35,642.75
810,-201.95,642.75
811,-245.55,642.75
812,-289.15,642.75
813,-332.75,642.75
814,-376.35,642.75
815,-419.95,642.75
816,-463.55,642.75
817,-507.15,642.75
818,-550.75,642.75
819,-594.35,642.75
820,-637.95,642.75
821,-681.55,642.75
822,-725.15,642.75
823,-768.75,642.75
824,-812.35,642.75
825,-855.95,642.75
826,-899.55,642.75
827,-943.15,642.75
828,-27.55,728.45
829,-71.15,728.45
830,-114.75,728.45
831,-158.35,728.45
832,-201.95,728.45
833,-245.55,728.45
834,-289.15,728.45
835,-332.75,728.45
836,-376.35,728.45
837,-419.95,728.45
838,-463.55,728.45
839,-507.15,728.45
840,-550.75,728.45
841,-594.35,728.45
842,-637.95,728.45
843,-681.55,728.45
844,-725.15,728.45
845,-768.75,728.45
846,-812.35,728.45
847,-855.95,728.45
848,-27.55,814.15
849,-71.15,814.15
850,-114.75,814.15
851,-158.35,814.15
852,-201.95,814.15
853,-245.55,814.15
854,-289.15,814.15
855,-332.75,814.15
856,-376.35,814.15
857,-419.95,814.15
858,-463.55,814.15
859,-507.15,814.15
860,-550.75,814.15
861,-594.35,814.15
862,-637.95,814.15
863,-681.55,814.15
864,-725.15,814.15
865,-768.75,814.15
866,-27.55,899.85
867,-71.15,899.85
868,-114.75,899.85
869,-158.35,899.85
870,-201.95,899.85
871,-245.55,899.85
872,-289.15,899.85
873,-332.75,899.85
874,-376.35,899.85
875,-419.95,899.85
876,-463.55,899.85
877,-507.15,899.85
878,-550.75,899.85
879,-594.35,899.85
880,-637.95,899.85
881,-681.55,899.85
882,-27.55,985.55
883,-71.15,985.55
884,-114.75,985.55
885,-158.35,985.55
886,-201.95,985.55
887,-245.55,985.55
888,-289.15,985.55
889,-332.75,985.55
890,-376.35,985.55
891,-419.95,985.55
892,-463.55,985.55
893,-507.15,985.55
894,-550.75,985.55
895,-114.75,1071.25
896,-158.35,1071.25
897,-201.95,1071.25
898,-245.55,1071.25
899,-289.15,1071.25
900,-332.75,1071.25
901,-376.35,1071.25
