Module 	X	Y	Z			
1	158.350	-1114.100	3028.500			
2	201.950	-1114.100	3028.500			
3	245.550	-1114.100	3028.500			
4	114.750	-1028.400	3028.500			
5	158.350	-1028.400	3028.500			
6	201.950	-1028.400	3028.500			
7	245.550	-1028.400	3028.500			
8	289.150	-1028.400	3028.500			
9	332.750	-1028.400	3028.500			
10	376.350	-1028.400	3028.500			
11	419.950	-1028.400	3028.500			
12	463.550	-1028.400	3028.500			
13	507.150	-1028.400	3028.500			
14	27.550	-942.700	3028.500			
15	71.150	-942.700	3028.500			
16	114.750	-942.700	3028.500			
17	158.350	-942.700	3028.500			
18	201.950	-942.700	3028.500			
19	245.550	-942.700	3028.500			
20	289.150	-942.700	3028.500			
21	332.750	-942.700	3028.500			
22	376.350	-942.700	3028.500			
23	419.950	-942.700	3028.500			
24	463.550	-942.700	3028.500			
25	507.150	-942.700	3028.500			
26	550.750	-942.700	3028.500			
27	594.350	-942.700	3028.500			
28	637.950	-942.700	3028.500			
29	27.550	-857.000	3028.500			
30	71.150	-857.000	3028.500			
31	114.750	-857.000	3028.500			
32	158.350	-857.000	3028.500			
33	201.950	-857.000	3028.500			
34	245.550	-857.000	3028.500			
35	289.150	-857.000	3028.500			
36	332.750	-857.000	3028.500			
37	376.350	-857.000	3028.500			
38	419.950	-857.000	3028.500			
39	463.550	-857.000	3028.500			
40	507.150	-857.000	3028.500			
41	550.750	-857.000	3028.500			
42	594.350	-857.000	3028.500			
43	637.950	-857.000	3028.500			
44	681.550	-857.000	3028.500			
45	725.150	-857.000	3028.500			
46	27.550	-771.300	3028.500			
47	71.150	-771.300	3028.500			
48	114.750	-771.300	3028.500			
49	158.350	-771.300	3028.500			
50	201.950	-771.300	3028.500			
51	245.550	-771.300	3028.500			
52	289.150	-771.300	3028.500			
53	332.750	-771.300	3028.500			
54	376.350	-771.300	3028.500			
55	419.950	-771.300	3028.500			
56	463.550	-771.300	3028.500			
57	507.150	-771.300	3028.500			
58	550.750	-771.300	3028.500			
59	594.350	-771.300	3028.500			
60	637.950	-771.300	3028.500			
61	681.550	-771.300	3028.500			
62	725.150	-771.300	3028.500			
63	768.750	-771.300	3028.500			
64	812.350	-771.300	3028.500			
65	27.550	-685.600	3028.500			
66	71.150	-685.600	3028.500			
67	114.750	-685.600	3028.500			
68	158.350	-685.600	3028.500			
69	201.950	-685.600	3028.500			
70	245.550	-685.600	3028.500			
71	289.150	-685.600	3028.500			
72	332.750	-685.600	3028.500			
73	376.350	-685.600	3028.500			
74	419.950	-685.600	3028.500			
75	463.550	-685.600	3028.500			
76	507.150	-685.600	3028.500			
77	550.750	-685.600	3028.500			
78	594.350	-685.600	3028.500			
79	637.950	-685.600	3028.500			
80	681.550	-685.600	3028.500			
81	725.150	-685.600	3028.500			
82	768.750	-685.600	3028.500			
83	812.350	-685.600	3028.500			
84	855.950	-685.600	3028.500			
85	899.550	-685.600	3028.500			
86	27.550	-599.900	3028.500			
87	71.150	-599.900	3028.500			
88	114.750	-599.900	3028.500			
89	158.350	-599.900	3028.500			
90	201.950	-599.900	3028.500			
91	245.550	-599.900	3028.500			
92	289.150	-599.900	3028.500			
93	332.750	-599.900	3028.500			
94	376.350	-599.900	3028.500			
95	419.950	-599.900	3028.500			
96	463.550	-599.900	3028.500			
97	507.150	-599.900	3028.500			
98	550.750	-599.900	3028.500			
99	594.350	-599.900	3028.500			
100	637.950	-599.900	3028.500			
101	681.550	-599.900	3028.500			
102	725.150	-599.900	3028.500			
103	768.750	-599.900	3028.500			
104	812.350	-599.900	3028.500			
105	855.950	-599.900	3028.500			
106	899.550	-599.900	3028.500			
107	943.150	-599.900	3028.500			
108	27.550	-514.200	3028.500			
109	71.150	-514.200	3028.500			
110	114.750	-514.200	3028.500			
111	158.350	-514.200	3028.500			
112	201.950	-514.200	3028.500			
113	245.550	-514.200	3028.500			
114	289.150	-514.200	3028.500			
115	332.750	-514.200	3028.500			
116	376.350	-514.200	3028.500			
117	419.950	-514.200	3028.500			
118	463.550	-514.200	3028.500			
119	507.150	-514.200	3028.500			
120	550.750	-514.200	3028.500			
121	594.350	-514.200	3028.500			
122	637.950	-514.200	3028.500			
123	681.550	-514.200	3028.500			
124	725.150	-514.200	3028.500			
125	768.750	-514.200	3028.500			
126	812.350	-514.200	3028.500			
127	855.950	-514.200	3028.500			
128	899.550	-514.200	3028.500			
129	943.150	-514.200	3028.500			
130	986.750	-514.200	3028.500			
131	27.550	-428.500	3028.500			
132	71.150	-428.500	3028.500			
133	114.750	-428.500	3028.500			
134	245.550	-428.500	3028.500			
135	289.150	-428.500	3028.500			
136	332.750	-428.500	3028.500			
137	376.350	-428.500	3028.500			
138	419.950	-428.500	3028.500			
139	463.550	-428.500	3028.500			
140	507.150	-428.500	3028.500			
141	550.750	-428.500	3028.500			
142	594.350	-428.500	3028.500			
143	637.950	-428.500	3028.500			
144	681.550	-428.500	3028.500			
145	725.150	-428.500	3028.500			
146	768.750	-428.500	3028.500			
147	812.350	-428.500	3028.500			
148	855.950	-428.500	3028.500			
149	899.550	-428.500	3028.500			
150	943.150	-428.500	3028.500			
151	289.150	-342.800	3028.500			
152	332.750	-342.800	3028.500			
153	376.350	-342.800	3028.500			
154	419.950	-342.800	3028.500			
155	463.550	-342.800	3028.500			
156	507.150	-342.800	3028.500			
157	550.750	-342.800	3028.500			
158	594.350	-342.800	3028.500			
159	637.950	-342.800	3028.500			
160	681.550	-342.800	3028.500			
161	725.150	-342.800	3028.500			
162	768.750	-342.800	3028.500			
163	812.350	-342.800	3028.500			
164	855.950	-342.800	3028.500			
165	899.550	-342.800	3028.500			
166	943.150	-342.800	3028.500			
167	986.750	-342.800	3028.500			
168	1030.350	-342.800	3028.500			
169	1073.950	-342.800	3028.500			
170	289.150	-257.100	3028.500			
171	332.750	-257.100	3028.500			
172	376.350	-257.100	3028.500			
173	419.950	-257.100	3028.500			
174	463.550	-257.100	3028.500			
175	507.150	-257.100	3028.500			
176	550.750	-257.100	3028.500			
177	594.350	-257.100	3028.500			
178	637.950	-257.100	3028.500			
179	681.550	-257.100	3028.500			
180	725.150	-257.100	3028.500			
181	768.750	-257.100	3028.500			
182	812.350	-257.100	3028.500			
183	855.950	-257.100	3028.500			
184	899.550	-257.100	3028.500			
185	943.150	-257.100	3028.500			
186	986.750	-257.100	3028.500			
187	1030.350	-257.100	3028.500			
188	1073.950	-257.100	3028.500			
189	332.750	-171.400	3028.500			
190	376.350	-171.400	3028.500			
191	419.950	-171.400	3028.500			
192	463.550	-171.400	3028.500			
193	507.150	-171.400	3028.500			
194	550.750	-171.400	3028.500			
195	594.350	-171.400	3028.500			
196	637.950	-171.400	3028.500			
197	681.550	-171.400	3028.500			
198	725.150	-171.400	3028.500			
199	768.750	-171.400	3028.500			
200	812.350	-171.400	3028.500			
201	855.950	-171.400	3028.500			
202	899.550	-171.400	3028.500			
203	943.150	-171.400	3028.500			
204	986.750	-171.400	3028.500			
205	1030.350	-171.400	3028.500			
206	1073.950	-171.400	3028.500			
207	463.550	-85.700	3028.500			
208	507.150	-85.700	3028.500			
209	550.750	-85.700	3028.500			
210	594.350	-85.700	3028.500			
211	637.950	-85.700	3028.500			
212	681.550	-85.700	3028.500			
213	725.150	-85.700	3028.500			
214	768.750	-85.700	3028.500			
215	812.350	-85.700	3028.500			
216	855.950	-85.700	3028.500			
217	899.550	-85.700	3028.500			
218	943.150	-85.700	3028.500			
219	986.750	-85.700	3028.500			
220	1030.350	-85.700	3028.500			
221	1073.950	-85.700	3028.500			
222	463.550	0.000	3028.500			
223	507.150	0.000	3028.500			
224	550.750	0.000	3028.500			
225	594.350	0.000	3028.500			
226	637.950	0.000	3028.500			
227	681.550	0.000	3028.500			
228	725.150	0.000	3028.500			
229	768.750	0.000	3028.500			
230	812.350	0.000	3028.500			
231	855.950	0.000	3028.500			
232	899.550	0.000	3028.500			
233	943.150	0.000	3028.500			
234	986.750	0.000	3028.500			
235	1030.350	0.000	3028.500			
236	1073.950	0.000	3028.500			
237	376.350	85.700	3028.500			
238	419.950	85.700	3028.500			
239	463.550	85.700	3028.500			
240	507.150	85.700	3028.500			
241	550.750	85.700	3028.500			
242	594.350	85.700	3028.500			
243	637.950	85.700	3028.500			
244	681.550	85.700	3028.500			
245	725.150	85.700	3028.500			
246	768.750	85.700	3028.500			
247	812.350	85.700	3028.500			
248	855.950	85.700	3028.500			
249	899.550	85.700	3028.500			
250	943.150	85.700	3028.500			
251	986.750	85.700	3028.500			
252	1030.350	85.700	3028.500			
253	1073.950	85.700	3028.500			
254	332.750	171.400	3028.500			
255	376.350	171.400	3028.500			
256	419.950	171.400	3028.500			
257	463.550	171.400	3028.500			
258	507.150	171.400	3028.500			
259	550.750	171.400	3028.500			
260	594.350	171.400	3028.500			
261	637.950	171.400	3028.500			
262	681.550	171.400	3028.500			
263	725.150	171.400	3028.500			
264	768.750	171.400	3028.500			
265	812.350	171.400	3028.500			
266	855.950	171.400	3028.500			
267	899.550	171.400	3028.500			
268	943.150	171.400	3028.500			
269	986.750	171.400	3028.500			
270	1030.350	171.400	3028.500			
271	1073.950	171.400	3028.500			
272	289.150	257.100	3028.500			
273	332.750	257.100	3028.500			
274	376.350	257.100	3028.500			
275	419.950	257.100	3028.500			
276	463.550	257.100	3028.500			
277	507.150	257.100	3028.500			
278	550.750	257.100	3028.500			
279	594.350	257.100	3028.500			
280	637.950	257.100	3028.500			
281	681.550	257.100	3028.500			
282	725.150	257.100	3028.500			
283	768.750	257.100	3028.500			
284	812.350	257.100	3028.500			
285	855.950	257.100	3028.500			
286	899.550	257.100	3028.500			
287	943.150	257.100	3028.500			
288	986.750	257.100	3028.500			
289	1030.350	257.100	3028.500			
290	1073.950	257.100	3028.500			
291	289.150	342.800	3028.500			
292	332.750	342.800	3028.500			
293	376.350	342.800	3028.500			
294	419.950	342.800	3028.500			
295	463.550	342.800	3028.500			
296	507.150	342.800	3028.500			
297	550.750	342.800	3028.500			
298	594.350	342.800	3028.500			
299	637.950	342.800	3028.500			
300	681.550	342.800	3028.500			
301	725.150	342.800	3028.500			
302	768.750	342.800	3028.500			
303	812.350	342.800	3028.500			
304	855.950	342.800	3028.500			
305	899.550	342.800	3028.500			
306	943.150	342.800	3028.500			
307	27.550	428.500	3028.500			
308	71.150	428.500	3028.500			
309	114.750	428.500	3028.500			
310	158.350	428.500	3028.500			
311	201.950	428.500	3028.500			
312	245.550	428.500	3028.500			
313	289.150	428.500	3028.500			
314	332.750	428.500	3028.500			
315	376.350	428.500	3028.500			
316	419.950	428.500	3028.500			
317	463.550	428.500	3028.500			
318	507.150	428.500	3028.500			
319	550.750	428.500	3028.500			
320	594.350	428.500	3028.500			
321	637.950	428.500	3028.500			
322	681.550	428.500	3028.500			
323	725.150	428.500	3028.500			
324	768.750	428.500	3028.500			
325	812.350	428.500	3028.500			
326	855.950	428.500	3028.500			
327	899.550	428.500	3028.500			
328	943.150	428.500	3028.500			
329	27.550	514.200	3028.500			
330	71.150	514.200	3028.500			
331	114.750	514.200	3028.500			
332	158.350	514.200	3028.500			
333	201.950	514.200	3028.500			
334	245.550	514.200	3028.500			
335	289.150	514.200	3028.500			
336	332.750	514.200	3028.500			
337	376.350	514.200	3028.500			
338	419.950	514.200	3028.500			
339	463.550	514.200	3028.500			
340	507.150	514.200	3028.500			
341	550.750	514.200	3028.500			
342	594.350	514.200	3028.500			
343	637.950	514.200	3028.500			
344	681.550	514.200	3028.500			
345	725.150	514.200	3028.500			
346	768.750	514.200	3028.500			
347	812.350	514.200	3028.500			
348	855.950	514.200	3028.500			
349	899.550	514.200	3028.500			
350	943.150	514.200	3028.500			
351	986.750	514.200	3028.500			
352	27.550	599.900	3028.500			
353	71.150	599.900	3028.500			
354	114.750	599.900	3028.500			
355	158.350	599.900	3028.500			
356	201.950	599.900	3028.500			
357	245.550	599.900	3028.500			
358	289.150	599.900	3028.500			
359	332.750	599.900	3028.500			
360	376.350	599.900	3028.500			
361	419.950	599.900	3028.500			
362	463.550	599.900	3028.500			
363	507.150	599.900	3028.500			
364	550.750	599.900	3028.500			
365	594.350	599.900	3028.500			
366	637.950	599.900	3028.500			
367	681.550	599.900	3028.500			
368	725.150	599.900	3028.500			
369	768.750	599.900	3028.500			
370	812.350	599.900	3028.500			
371	855.950	599.900	3028.500			
372	899.550	599.900	3028.500			
373	943.150	599.900	3028.500			
374	27.550	685.600	3028.500			
375	71.150	685.600	3028.500			
376	114.750	685.600	3028.500			
377	158.350	685.600	3028.500			
378	201.950	685.600	3028.500			
379	245.550	685.600	3028.500			
380	289.150	685.600	3028.500			
381	332.750	685.600	3028.500			
382	376.350	685.600	3028.500			
383	419.950	685.600	3028.500			
384	463.550	685.600	3028.500			
385	507.150	685.600	3028.500			
386	550.750	685.600	3028.500			
387	594.350	685.600	3028.500			
388	637.950	685.600	3028.500			
389	681.550	685.600	3028.500			
390	725.150	685.600	3028.500			
391	768.750	685.600	3028.500			
392	812.350	685.600	3028.500			
393	855.950	685.600	3028.500			
394	27.550	771.300	3028.500			
395	71.150	771.300	3028.500			
396	114.750	771.300	3028.500			
397	158.350	771.300	3028.500			
398	201.950	771.300	3028.500			
399	245.550	771.300	3028.500			
400	289.150	771.300	3028.500			
401	332.750	771.300	3028.500			
402	376.350	771.300	3028.500			
403	419.950	771.300	3028.500			
404	463.550	771.300	3028.500			
405	507.150	771.300	3028.500			
406	550.750	771.300	3028.500			
407	594.350	771.300	3028.500			
408	637.950	771.300	3028.500			
409	681.550	771.300	3028.500			
410	725.150	771.300	3028.500			
411	768.750	771.300	3028.500			
412	27.550	857.000	3028.500			
413	71.150	857.000	3028.500			
414	114.750	857.000	3028.500			
415	158.350	857.000	3028.500			
416	201.950	857.000	3028.500			
417	245.550	857.000	3028.500			
418	289.150	857.000	3028.500			
419	332.750	857.000	3028.500			
420	376.350	857.000	3028.500			
421	419.950	857.000	3028.500			
422	463.550	857.000	3028.500			
423	507.150	857.000	3028.500			
424	550.750	857.000	3028.500			
425	594.350	857.000	3028.500			
426	637.950	857.000	3028.500			
427	681.550	857.000	3028.500			
428	27.550	942.700	3028.500			
429	71.150	942.700	3028.500			
430	114.750	942.700	3028.500			
431	158.350	942.700	3028.500			
432	201.950	942.700	3028.500			
433	245.550	942.700	3028.500			
434	289.150	942.700	3028.500			
435	332.750	942.700	3028.500			
436	376.350	942.700	3028.500			
437	419.950	942.700	3028.500			
438	463.550	942.700	3028.500			
439	507.150	942.700	3028.500			
440	550.750	942.700	3028.500			
441	114.750	1028.400	3028.500			
442	158.350	1028.400	3028.500			
443	201.950	1028.400	3028.500			
444	245.550	1028.400	3028.500			
445	289.150	1028.400	3028.500			
446	332.750	1028.400	3028.500			
447	376.350	1028.400	3028.500			
448	-158.350	1114.100	3028.500			
449	-201.950	1114.100	3028.500			
450	-245.550	1114.100	3028.500			
451	-114.750	1028.400	3028.500			
452	-158.350	1028.400	3028.500			
453	-201.950	1028.400	3028.500			
454	-245.550	1028.400	3028.500			
455	-289.150	1028.400	3028.500			
456	-332.750	1028.400	3028.500			
457	-376.350	1028.400	3028.500			
458	-419.950	1028.400	3028.500			
459	-463.550	1028.400	3028.500			
460	-507.150	1028.400	3028.500			
461	-27.550	942.700	3028.500			
462	-71.150	942.700	3028.500			
463	-114.750	942.700	3028.500			
464	-158.350	942.700	3028.500			
465	-201.950	942.700	3028.500			
466	-245.550	942.700	3028.500			
467	-289.150	942.700	3028.500			
468	-332.750	942.700	3028.500			
469	-376.350	942.700	3028.500			
470	-419.950	942.700	3028.500			
471	-463.550	942.700	3028.500			
472	-507.150	942.700	3028.500			
473	-550.750	942.700	3028.500			
474	-594.350	942.700	3028.500			
475	-637.950	942.700	3028.500			
476	-27.550	857.000	3028.500			
477	-71.150	857.000	3028.500			
478	-114.750	857.000	3028.500			
479	-158.350	857.000	3028.500			
480	-201.950	857.000	3028.500			
481	-245.550	857.000	3028.500			
482	-289.150	857.000	3028.500			
483	-332.750	857.000	3028.500			
484	-376.350	857.000	3028.500			
485	-419.950	857.000	3028.500			
486	-463.550	857.000	3028.500			
487	-507.150	857.000	3028.500			
488	-550.750	857.000	3028.500			
489	-594.350	857.000	3028.500			
490	-637.950	857.000	3028.500			
491	-681.550	857.000	3028.500			
492	-725.150	857.000	3028.500			
493	-27.550	771.300	3028.500			
494	-71.150	771.300	3028.500			
495	-114.750	771.300	3028.500			
496	-158.350	771.300	3028.500			
497	-201.950	771.300	3028.500			
498	-245.550	771.300	3028.500			
499	-289.150	771.300	3028.500			
500	-332.750	771.300	3028.500			
501	-376.350	771.300	3028.500			
502	-419.950	771.300	3028.500			
503	-463.550	771.300	3028.500			
504	-507.150	771.300	3028.500			
505	-550.750	771.300	3028.500			
506	-594.350	771.300	3028.500			
507	-637.950	771.300	3028.500			
508	-681.550	771.300	3028.500			
509	-725.150	771.300	3028.500			
510	-768.750	771.300	3028.500			
511	-812.350	771.300	3028.500			
512	-27.550	685.600	3028.500			
513	-71.150	685.600	3028.500			
514	-114.750	685.600	3028.500			
515	-158.350	685.600	3028.500			
516	-201.950	685.600	3028.500			
517	-245.550	685.600	3028.500			
518	-289.150	685.600	3028.500			
519	-332.750	685.600	3028.500			
520	-376.350	685.600	3028.500			
521	-419.950	685.600	3028.500			
522	-463.550	685.600	3028.500			
523	-507.150	685.600	3028.500			
524	-550.750	685.600	3028.500			
525	-594.350	685.600	3028.500			
526	-637.950	685.600	3028.500			
527	-681.550	685.600	3028.500			
528	-725.150	685.600	3028.500			
529	-768.750	685.600	3028.500			
530	-812.350	685.600	3028.500			
531	-855.950	685.600	3028.500			
532	-899.550	685.600	3028.500			
533	-27.550	599.900	3028.500			
534	-71.150	599.900	3028.500			
535	-114.750	599.900	3028.500			
536	-158.350	599.900	3028.500			
537	-201.950	599.900	3028.500			
538	-245.550	599.900	3028.500			
539	-289.150	599.900	3028.500			
540	-332.750	599.900	3028.500			
541	-376.350	599.900	3028.500			
542	-419.950	599.900	3028.500			
543	-463.550	599.900	3028.500			
544	-507.150	599.900	3028.500			
545	-550.750	599.900	3028.500			
546	-594.350	599.900	3028.500			
547	-637.950	599.900	3028.500			
548	-681.550	599.900	3028.500			
549	-725.150	599.900	3028.500			
550	-768.750	599.900	3028.500			
551	-812.350	599.900	3028.500			
552	-855.950	599.900	3028.500			
553	-899.550	599.900	3028.500			
554	-943.150	599.900	3028.500			
555	-27.550	514.200	3028.500			
556	-71.150	514.200	3028.500			
557	-114.750	514.200	3028.500			
558	-158.350	514.200	3028.500			
559	-201.950	514.200	3028.500			
560	-245.550	514.200	3028.500			
561	-289.150	514.200	3028.500			
562	-332.750	514.200	3028.500			
563	-376.350	514.200	3028.500			
564	-419.950	514.200	3028.500			
565	-463.550	514.200	3028.500			
566	-507.150	514.200	3028.500			
567	-550.750	514.200	3028.500			
568	-594.350	514.200	3028.500			
569	-637.950	514.200	3028.500			
570	-681.550	514.200	3028.500			
571	-725.150	514.200	3028.500			
572	-768.750	514.200	3028.500			
573	-812.350	514.200	3028.500			
574	-855.950	514.200	3028.500			
575	-899.550	514.200	3028.500			
576	-943.150	514.200	3028.500			
577	-986.750	514.200	3028.500			
578	-27.550	428.500	3028.500			
579	-71.150	428.500	3028.500			
580	-114.750	428.500	3028.500			
581	-245.550	428.500	3028.500			
582	-289.150	428.500	3028.500			
583	-332.750	428.500	3028.500			
584	-376.350	428.500	3028.500			
585	-419.950	428.500	3028.500			
586	-463.550	428.500	3028.500			
587	-507.150	428.500	3028.500			
588	-550.750	428.500	3028.500			
589	-594.350	428.500	3028.500			
590	-637.950	428.500	3028.500			
591	-681.550	428.500	3028.500			
592	-725.150	428.500	3028.500			
593	-768.750	428.500	3028.500			
594	-812.350	428.500	3028.500			
595	-855.950	428.500	3028.500			
596	-899.550	428.500	3028.500			
597	-943.150	428.500	3028.500			
598	-289.150	342.800	3028.500			
599	-332.750	342.800	3028.500			
600	-376.350	342.800	3028.500			
601	-419.950	342.800	3028.500			
602	-463.550	342.800	3028.500			
603	-507.150	342.800	3028.500			
604	-550.750	342.800	3028.500			
605	-594.350	342.800	3028.500			
606	-637.950	342.800	3028.500			
607	-681.550	342.800	3028.500			
608	-725.150	342.800	3028.500			
609	-768.750	342.800	3028.500			
610	-812.350	342.800	3028.500			
611	-855.950	342.800	3028.500			
612	-899.550	342.800	3028.500			
613	-943.150	342.800	3028.500			
614	-986.750	342.800	3028.500			
615	-1030.350	342.800	3028.500			
616	-1073.950	342.800	3028.500			
617	-289.150	257.100	3028.500			
618	-332.750	257.100	3028.500			
619	-376.350	257.100	3028.500			
620	-419.950	257.100	3028.500			
621	-463.550	257.100	3028.500			
622	-507.150	257.100	3028.500			
623	-550.750	257.100	3028.500			
624	-594.350	257.100	3028.500			
625	-637.950	257.100	3028.500			
626	-681.550	257.100	3028.500			
627	-725.150	257.100	3028.500			
628	-768.750	257.100	3028.500			
629	-812.350	257.100	3028.500			
630	-855.950	257.100	3028.500			
631	-899.550	257.100	3028.500			
632	-943.150	257.100	3028.500			
633	-986.750	257.100	3028.500			
634	-1030.350	257.100	3028.500			
635	-1073.950	257.100	3028.500			
636	-332.750	171.400	3028.500			
637	-376.350	171.400	3028.500			
638	-419.950	171.400	3028.500			
639	-463.550	171.400	3028.500			
640	-507.150	171.400	3028.500			
641	-550.750	171.400	3028.500			
642	-594.350	171.400	3028.500			
643	-637.950	171.400	3028.500			
644	-681.550	171.400	3028.500			
645	-725.150	171.400	3028.500			
646	-768.750	171.400	3028.500			
647	-812.350	171.400	3028.500			
648	-855.950	171.400	3028.500			
649	-899.550	171.400	3028.500			
650	-943.150	171.400	3028.500			
651	-986.750	171.400	3028.500			
652	-1030.350	171.400	3028.500			
653	-1073.950	171.400	3028.500			
654	-463.550	85.700	3028.500			
655	-507.150	85.700	3028.500			
656	-550.750	85.700	3028.500			
657	-594.350	85.700	3028.500			
658	-637.950	85.700	3028.500			
659	-681.550	85.700	3028.500			
660	-725.150	85.700	3028.500			
661	-768.750	85.700	3028.500			
662	-812.350	85.700	3028.500			
663	-855.950	85.700	3028.500			
664	-899.550	85.700	3028.500			
665	-943.150	85.700	3028.500			
666	-986.750	85.700	3028.500			
667	-1030.350	85.700	3028.500			
668	-1073.950	85.700	3028.500			
669	-463.550	0.000	3028.500			
670	-507.150	0.000	3028.500			
671	-550.750	0.000	3028.500			
672	-594.350	0.000	3028.500			
673	-637.950	0.000	3028.500			
674	-681.550	0.000	3028.500			
675	-725.150	0.000	3028.500			
676	-768.750	0.000	3028.500			
677	-812.350	0.000	3028.500			
678	-855.950	0.000	3028.500			
679	-899.550	0.000	3028.500			
680	-943.150	0.000	3028.500			
681	-986.750	0.000	3028.500			
682	-1030.350	0.000	3028.500			
683	-1073.950	0.000	3028.500			
684	-376.350	-85.700	3028.500			
685	-419.950	-85.700	3028.500			
686	-463.550	-85.700	3028.500			
687	-507.150	-85.700	3028.500			
688	-550.750	-85.700	3028.500			
689	-594.350	-85.700	3028.500			
690	-637.950	-85.700	3028.500			
691	-681.550	-85.700	3028.500			
692	-725.150	-85.700	3028.500			
693	-768.750	-85.700	3028.500			
694	-812.350	-85.700	3028.500			
695	-855.950	-85.700	3028.500			
696	-899.550	-85.700	3028.500			
697	-943.150	-85.700	3028.500			
698	-986.750	-85.700	3028.500			
699	-1030.350	-85.700	3028.500			
700	-1073.950	-85.700	3028.500			
701	-332.750	-171.400	3028.500			
702	-376.350	-171.400	3028.500			
703	-419.950	-171.400	3028.500			
704	-463.550	-171.400	3028.500			
705	-507.150	-171.400	3028.500			
706	-550.750	-171.400	3028.500			
707	-594.350	-171.400	3028.500			
708	-637.950	-171.400	3028.500			
709	-681.550	-171.400	3028.500			
710	-725.150	-171.400	3028.500			
711	-768.750	-171.400	3028.500			
712	-812.350	-171.400	3028.500			
713	-855.950	-171.400	3028.500			
714	-899.550	-171.400	3028.500			
715	-943.150	-171.400	3028.500			
716	-986.750	-171.400	3028.500			
717	-1030.350	-171.400	3028.500			
718	-1073.950	-171.400	3028.500			
719	-289.150	-257.100	3028.500			
720	-332.750	-257.100	3028.500			
721	-376.350	-257.100	3028.500			
722	-419.950	-257.100	3028.500			
723	-463.550	-257.100	3028.500			
724	-507.150	-257.100	3028.500			
725	-550.750	-257.100	3028.500			
726	-594.350	-257.100	3028.500			
727	-637.950	-257.100	3028.500			
728	-681.550	-257.100	3028.500			
729	-725.150	-257.100	3028.500			
730	-768.750	-257.100	3028.500			
731	-812.350	-257.100	3028.500			
732	-855.950	-257.100	3028.500			
733	-899.550	-257.100	3028.500			
734	-943.150	-257.100	3028.500			
735	-986.750	-257.100	3028.500			
736	-1030.350	-257.100	3028.500			
737	-1073.950	-257.100	3028.500			
738	-289.150	-342.800	3028.500			
739	-332.750	-342.800	3028.500			
740	-376.350	-342.800	3028.500			
741	-419.950	-342.800	3028.500			
742	-463.550	-342.800	3028.500			
743	-507.150	-342.800	3028.500			
744	-550.750	-342.800	3028.500			
745	-594.350	-342.800	3028.500			
746	-637.950	-342.800	3028.500			
747	-681.550	-342.800	3028.500			
748	-725.150	-342.800	3028.500			
749	-768.750	-342.800	3028.500			
750	-812.350	-342.800	3028.500			
751	-855.950	-342.800	3028.500			
752	-899.550	-342.800	3028.500			
753	-943.150	-342.800	3028.500			
754	#REF!	#REF!	3028.500			
755	-27.550	-428.500	3028.500			
756	-71.150	-428.500	3028.500			
757	-114.750	-428.500	3028.500			
758	-158.350	-428.500	3028.500			
759	-201.950	-428.500	3028.500			
760	-245.550	-428.500	3028.500			
761	-289.150	-428.500	3028.500			
762	-332.750	-428.500	3028.500			
763	-376.350	-428.500	3028.500			
764	-419.950	-428.500	3028.500			
765	-463.550	-428.500	3028.500			
766	-507.150	-428.500	3028.500			
767	-550.750	-428.500	3028.500			
768	-594.350	-428.500	3028.500			
769	-637.950	-428.500	3028.500			
770	-681.550	-428.500	3028.500			
771	-725.150	-428.500	3028.500			
772	-768.750	-428.500	3028.500			
773	-812.350	-428.500	3028.500			
774	-855.950	-428.500	3028.500			
775	-899.550	-428.500	3028.500			
776	-943.150	-428.500	3028.500			
777	-27.550	-514.200	3028.500			
778	-71.150	-514.200	3028.500			
779	-114.750	-514.200	3028.500			
780	-158.350	-514.200	3028.500			
781	-201.950	-514.200	3028.500			
782	-245.550	-514.200	3028.500			
783	-289.150	-514.200	3028.500			
784	-332.750	-514.200	3028.500			
785	-376.350	-514.200	3028.500			
786	-419.950	-514.200	3028.500			
787	-463.550	-514.200	3028.500			
788	-507.150	-514.200	3028.500			
789	-550.750	-514.200	3028.500			
790	-594.350	-514.200	3028.500			
791	-637.950	-514.200	3028.500			
792	-681.550	-514.200	3028.500			
793	-725.150	-514.200	3028.500			
794	-768.750	-514.200	3028.500			
795	-812.350	-514.200	3028.500			
796	-855.950	-514.200	3028.500			
797	-899.550	-514.200	3028.500			
798	-943.150	-514.200	3028.500			
799	-986.750	-514.200	3028.500			
800	-27.550	-599.900	3028.500			
801	-71.150	-599.900	3028.500			
802	-114.750	-599.900	3028.500			
803	-158.350	-599.900	3028.500			
804	-201.950	-599.900	3028.500			
805	-245.550	-599.900	3028.500			
806	-289.150	-599.900	3028.500			
807	-332.750	-599.900	3028.500			
808	-376.350	-599.900	3028.500			
809	-419.950	-599.900	3028.500			
810	-463.550	-599.900	3028.500			
811	-507.150	-599.900	3028.500			
812	-550.750	-599.900	3028.500			
813	-594.350	-599.900	3028.500			
814	-637.950	-599.900	3028.500			
815	-681.550	-599.900	3028.500			
816	-725.150	-599.900	3028.500			
817	-768.750	-599.900	3028.500			
818	-812.350	-599.900	3028.500			
819	-855.950	-599.900	3028.500			
820	-899.550	-599.900	3028.500			
821	-943.150	-599.900	3028.500			
822	-27.550	-685.600	3028.500			
823	-71.150	-685.600	3028.500			
824	-114.750	-685.600	3028.500			
825	-158.350	-685.600	3028.500			
826	-201.950	-685.600	3028.500			
827	-245.550	-685.600	3028.500			
828	-289.150	-685.600	3028.500			
829	-332.750	-685.600	3028.500			
830	-376.350	-685.600	3028.500			
831	-419.950	-685.600	3028.500			
832	-463.550	-685.600	3028.500			
833	-507.150	-685.600	3028.500			
834	-550.750	-685.600	3028.500			
835	-594.350	-685.600	3028.500			
836	-637.950	-685.600	3028.500			
837	-681.550	-685.600	3028.500			
838	-725.150	-685.600	3028.500			
839	-768.750	-685.600	3028.500			
840	-812.350	-685.600	3028.500			
841	-855.950	-685.600	3028.500			
842	-27.550	-771.300	3028.500			
843	-71.150	-771.300	3028.500			
844	-114.750	-771.300	3028.500			
845	-158.350	-771.300	3028.500			
846	-201.950	-771.300	3028.500			
847	-245.550	-771.300	3028.500			
848	-289.150	-771.300	3028.500			
849	-332.750	-771.300	3028.500			
850	-376.350	-771.300	3028.500			
851	-419.950	-771.300	3028.500			
852	-463.550	-771.300	3028.500			
853	-507.150	-771.300	3028.500			
854	-550.750	-771.300	3028.500			
855	-594.350	-771.300	3028.500			
856	-637.950	-771.300	3028.500			
857	-681.550	-771.300	3028.500			
858	-725.150	-771.300	3028.500			
859	-768.750	-771.300	3028.500			
860	-27.550	-857.000	3028.500			
861	-71.150	-857.000	3028.500			
862	-114.750	-857.000	3028.500			
863	-158.350	-857.000	3028.500			
864	-201.950	-857.000	3028.500			
865	-245.550	-857.000	3028.500			
866	-289.150	-857.000	3028.500			
867	-332.750	-857.000	3028.500			
868	-376.350	-857.000	3028.500			
869	-419.950	-857.000	3028.500			
870	-463.550	-857.000	3028.500			
871	-507.150	-857.000	3028.500			
872	-550.750	-857.000	3028.500			
873	-594.350	-857.000	3028.500			
874	-637.950	-857.000	3028.500			
875	-681.550	-857.000	3028.500			
876	-27.550	-942.700	3028.500			
877	-71.150	-942.700	3028.500			
878	-114.750	-942.700	3028.500			
879	-158.350	-942.700	3028.500			
880	-201.950	-942.700	3028.500			
881	-245.550	-942.700	3028.500			
882	-289.150	-942.700	3028.500			
883	-332.750	-942.700	3028.500			
884	-376.350	-942.700	3028.500			
885	-419.950	-942.700	3028.500			
886	-463.550	-942.700	3028.500			
887	-507.150	-942.700	3028.500			
888	-550.750	-942.700	3028.500			
889	-114.750	-1028.400	3028.500			
890	-158.350	-1028.400	3028.500			
891	-201.950	-1028.400	3028.500			
892	-245.550	-1028.400	3028.500			
893	-289.150	-1028.400	3028.500			
894	-332.750	-1028.400	3028.500			