Module 	X	Y	Z
1	158.350	-1114.100	3028.5
2	201.950	-1114.100	3028.5
3	245.550	-1114.100	3028.5
4	114.750	-1028.400	3028.5
5	158.350	-1028.400	3028.5
6	201.950	-1028.400	3028.5
7	245.550	-1028.400	3028.5
8	289.150	-1028.400	3028.5
9	332.750	-1028.400	3028.5
10	376.350	-1028.400	3028.5
11	419.950	-1028.400	3028.5
12	463.550	-1028.400	3028.5
13	507.150	-1028.400	3028.5
14	27.550	-942.700	3028.5
15	71.150	-942.700	3028.5
16	114.750	-942.700	3028.5
17	158.350	-942.700	3028.5
18	201.950	-942.700	3028.5
19	245.550	-942.700	3028.5
20	289.150	-942.700	3028.5
21	332.750	-942.700	3028.5
22	376.350	-942.700	3028.5
23	419.950	-942.700	3028.5
24	463.550	-942.700	3028.5
25	507.150	-942.700	3028.5
26	550.750	-942.700	3028.5
27	594.350	-942.700	3028.5
28	637.950	-942.700	3028.5
29	27.550	-857.000	3028.5
30	71.150	-857.000	3028.5
31	114.750	-857.000	3028.5
32	158.350	-857.000	3028.5
33	201.950	-857.000	3028.5
34	245.550	-857.000	3028.5
35	289.150	-857.000	3028.5
36	332.750	-857.000	3028.5
37	376.350	-857.000	3028.5
38	419.950	-857.000	3028.5
39	463.550	-857.000	3028.5
40	507.150	-857.000	3028.5
41	550.750	-857.000	3028.5
42	594.350	-857.000	3028.5
43	637.950	-857.000	3028.5
44	681.550	-857.000	3028.5
45	725.150	-857.000	3028.5
46	27.550	-771.300	3028.5
47	71.150	-771.300	3028.5
48	114.750	-771.300	3028.5
49	158.350	-771.300	3028.5
50	201.950	-771.300	3028.5
51	245.550	-771.300	3028.5
52	289.150	-771.300	3028.5
53	332.750	-771.300	3028.5
54	376.350	-771.300	3028.5
55	419.950	-771.300	3028.5
56	463.550	-771.300	3028.5
57	507.150	-771.300	3028.5
58	550.750	-771.300	3028.5
59	594.350	-771.300	3028.5
60	637.950	-771.300	3028.5
61	681.550	-771.300	3028.5
62	725.150	-771.300	3028.5
63	768.750	-771.300	3028.5
64	812.350	-771.300	3028.5
65	27.550	-685.600	3028.5
66	71.150	-685.600	3028.5
67	114.750	-685.600	3028.5
68	158.350	-685.600	3028.5
69	201.950	-685.600	3028.5
70	245.550	-685.600	3028.5
71	289.150	-685.600	3028.5
72	332.750	-685.600	3028.5
73	376.350	-685.600	3028.5
74	419.950	-685.600	3028.5
75	463.550	-685.600	3028.5
76	507.150	-685.600	3028.5
77	550.750	-685.600	3028.5
78	594.350	-685.600	3028.5
79	637.950	-685.600	3028.5
80	681.550	-685.600	3028.5
81	725.150	-685.600	3028.5
82	768.750	-685.600	3028.5
83	812.350	-685.600	3028.5
84	855.950	-685.600	3028.5
85	899.550	-685.600	3028.5
86	27.550	-599.900	3028.5
87	71.150	-599.900	3028.5
88	114.750	-599.900	3028.5
89	158.350	-599.900	3028.5
90	201.950	-599.900	3028.5
91	245.550	-599.900	3028.5
92	289.150	-599.900	3028.5
93	332.750	-599.900	3028.5
94	376.350	-599.900	3028.5
95	419.950	-599.900	3028.5
96	463.550	-599.900	3028.5
97	507.150	-599.900	3028.5
98	550.750	-599.900	3028.5
99	594.350	-599.900	3028.5
100	637.950	-599.900	3028.5
101	681.550	-599.900	3028.5
102	725.150	-599.900	3028.5
103	768.750	-599.900	3028.5
104	812.350	-599.900	3028.5
105	855.950	-599.900	3028.5
106	899.550	-599.900	3028.5
107	943.150	-599.900	3028.5
108	27.550	-514.200	3028.5
109	71.150	-514.200	3028.5
110	114.750	-514.200	3028.5
111	158.350	-514.200	3028.5
112	201.950	-514.200	3028.5
113	245.550	-514.200	3028.5
114	289.150	-514.200	3028.5
115	332.750	-514.200	3028.5
116	376.350	-514.200	3028.5
117	419.950	-514.200	3028.5
118	463.550	-514.200	3028.5
119	507.150	-514.200	3028.5
120	550.750	-514.200	3028.5
121	594.350	-514.200	3028.5
122	637.950	-514.200	3028.5
123	681.550	-514.200	3028.5
124	725.150	-514.200	3028.5
125	768.750	-514.200	3028.5
126	812.350	-514.200	3028.5
127	855.950	-514.200	3028.5
128	899.550	-514.200	3028.5
129	943.150	-514.200	3028.5
130	986.750	-514.200	3028.5
131	27.550	-428.500	3028.5
132	71.150	-428.500	3028.5
133	114.750	-428.500	3028.5
134	245.550	-428.500	3028.5
135	289.150	-428.500	3028.5
136	332.750	-428.500	3028.5
137	376.350	-428.500	3028.5
138	419.950	-428.500	3028.5
139	463.550	-428.500	3028.5
140	507.150	-428.500	3028.5
141	550.750	-428.500	3028.5
142	594.350	-428.500	3028.5
143	637.950	-428.500	3028.5
144	681.550	-428.500	3028.5
145	725.150	-428.500	3028.5
146	768.750	-428.500	3028.5
147	812.350	-428.500	3028.5
148	855.950	-428.500	3028.5
149	899.550	-428.500	3028.5
150	943.150	-428.500	3028.5
151	289.150	-342.800	3028.5
152	332.750	-342.800	3028.5
153	376.350	-342.800	3028.5
154	419.950	-342.800	3028.5
155	463.550	-342.800	3028.5
156	507.150	-342.800	3028.5
157	550.750	-342.800	3028.5
158	594.350	-342.800	3028.5
159	637.950	-342.800	3028.5
160	681.550	-342.800	3028.5
161	725.150	-342.800	3028.5
162	768.750	-342.800	3028.5
163	812.350	-342.800	3028.5
164	855.950	-342.800	3028.5
165	899.550	-342.800	3028.5
166	943.150	-342.800	3028.5
167	986.750	-342.800	3028.5
168	1030.350	-342.800	3028.5
169	1073.950	-342.800	3028.5
170	289.150	-257.100	3028.5
171	332.750	-257.100	3028.5
172	376.350	-257.100	3028.5
173	419.950	-257.100	3028.5
174	463.550	-257.100	3028.5
175	507.150	-257.100	3028.5
176	550.750	-257.100	3028.5
177	594.350	-257.100	3028.5
178	637.950	-257.100	3028.5
179	681.550	-257.100	3028.5
180	725.150	-257.100	3028.5
181	768.750	-257.100	3028.5
182	812.350	-257.100	3028.5
183	855.950	-257.100	3028.5
184	899.550	-257.100	3028.5
185	943.150	-257.100	3028.5
186	986.750	-257.100	3028.5
187	1030.350	-257.100	3028.5
188	1073.950	-257.100	3028.5
189	332.750	-171.400	3028.5
190	376.350	-171.400	3028.5
191	419.950	-171.400	3028.5
192	463.550	-171.400	3028.5
193	507.150	-171.400	3028.5
194	550.750	-171.400	3028.5
195	594.350	-171.400	3028.5
196	637.950	-171.400	3028.5
197	681.550	-171.400	3028.5
198	725.150	-171.400	3028.5
199	768.750	-171.400	3028.5
200	812.350	-171.400	3028.5
201	855.950	-171.400	3028.5
202	899.550	-171.400	3028.5
203	943.150	-171.400	3028.5
204	986.750	-171.400	3028.5
205	1030.350	-171.400	3028.5
206	1073.950	-171.400	3028.5
207	463.550	-85.700	3028.5
208	507.150	-85.700	3028.5
209	550.750	-85.700	3028.5
210	594.350	-85.700	3028.5
211	637.950	-85.700	3028.5
212	681.550	-85.700	3028.5
213	725.150	-85.700	3028.5
214	768.750	-85.700	3028.5
215	812.350	-85.700	3028.5
216	855.950	-85.700	3028.5
217	899.550	-85.700	3028.5
218	943.150	-85.700	3028.5
219	986.750	-85.700	3028.5
220	1030.350	-85.700	3028.5
221	1073.950	-85.700	3028.5
222	463.550	0.000	3028.5
223	507.150	0.000	3028.5
224	550.750	0.000	3028.5
225	594.350	0.000	3028.5
226	637.950	0.000	3028.5
227	681.550	0.000	3028.5
228	725.150	0.000	3028.5
229	768.750	0.000	3028.5
230	812.350	0.000	3028.5
231	855.950	0.000	3028.5
232	899.550	0.000	3028.5
233	943.150	0.000	3028.5
234	986.750	0.000	3028.5
235	1030.350	0.000	3028.5
236	1073.950	0.000	3028.5
237	376.350	85.700	3028.5
238	419.950	85.700	3028.5
239	463.550	85.700	3028.5
240	507.150	85.700	3028.5
241	550.750	85.700	3028.5
242	594.350	85.700	3028.5
243	637.950	85.700	3028.5
244	681.550	85.700	3028.5
245	725.150	85.700	3028.5
246	768.750	85.700	3028.5
247	812.350	85.700	3028.5
248	855.950	85.700	3028.5
249	899.550	85.700	3028.5
250	943.150	85.700	3028.5
251	986.750	85.700	3028.5
252	1030.350	85.700	3028.5
253	1073.950	85.700	3028.5
254	332.750	171.400	3028.5
255	376.350	171.400	3028.5
256	419.950	171.400	3028.5
257	463.550	171.400	3028.5
258	507.150	171.400	3028.5
259	550.750	171.400	3028.5
260	594.350	171.400	3028.5
261	637.950	171.400	3028.5
262	681.550	171.400	3028.5
263	725.150	171.400	3028.5
264	768.750	171.400	3028.5
265	812.350	171.400	3028.5
266	855.950	171.400	3028.5
267	899.550	171.400	3028.5
268	943.150	171.400	3028.5
269	986.750	171.400	3028.5
270	1030.350	171.400	3028.5
271	1073.950	171.400	3028.5
272	289.150	257.100	3028.5
273	332.750	257.100	3028.5
274	376.350	257.100	3028.5
275	419.950	257.100	3028.5
276	463.550	257.100	3028.5
277	507.150	257.100	3028.5
278	550.750	257.100	3028.5
279	594.350	257.100	3028.5
280	637.950	257.100	3028.5
281	681.550	257.100	3028.5
282	725.150	257.100	3028.5
283	768.750	257.100	3028.5
284	812.350	257.100	3028.5
285	855.950	257.100	3028.5
286	899.550	257.100	3028.5
287	943.150	257.100	3028.5
288	986.750	257.100	3028.5
289	1030.350	257.100	3028.5
290	1073.950	257.100	3028.5
291	289.150	342.800	3028.5
292	332.750	342.800	3028.5
293	376.350	342.800	3028.5
294	419.950	342.800	3028.5
295	463.550	342.800	3028.5
296	507.150	342.800	3028.5
297	550.750	342.800	3028.5
298	594.350	342.800	3028.5
299	637.950	342.800	3028.5
300	681.550	342.800	3028.5
301	725.150	342.800	3028.5
302	768.750	342.800	3028.5
303	812.350	342.800	3028.5
304	855.950	342.800	3028.5
305	899.550	342.800	3028.5
306	943.150	342.800	3028.5
307	27.550	428.500	3028.5
308	71.150	428.500	3028.5
309	114.750	428.500	3028.5
310	158.350	428.500	3028.5
311	201.950	428.500	3028.5
312	245.550	428.500	3028.5
313	289.150	428.500	3028.5
314	332.750	428.500	3028.5
315	376.350	428.500	3028.5
316	419.950	428.500	3028.5
317	463.550	428.500	3028.5
318	507.150	428.500	3028.5
319	550.750	428.500	3028.5
320	594.350	428.500	3028.5
321	637.950	428.500	3028.5
322	681.550	428.500	3028.5
323	725.150	428.500	3028.5
324	768.750	428.500	3028.5
325	812.350	428.500	3028.5
326	855.950	428.500	3028.5
327	899.550	428.500	3028.5
328	943.150	428.500	3028.5
329	27.550	514.200	3028.5
330	71.150	514.200	3028.5
331	114.750	514.200	3028.5
332	158.350	514.200	3028.5
333	201.950	514.200	3028.5
334	245.550	514.200	3028.5
335	289.150	514.200	3028.5
336	332.750	514.200	3028.5
337	376.350	514.200	3028.5
338	419.950	514.200	3028.5
339	463.550	514.200	3028.5
340	507.150	514.200	3028.5
341	550.750	514.200	3028.5
342	594.350	514.200	3028.5
343	637.950	514.200	3028.5
344	681.550	514.200	3028.5
345	725.150	514.200	3028.5
346	768.750	514.200	3028.5
347	812.350	514.200	3028.5
348	855.950	514.200	3028.5
349	899.550	514.200	3028.5
350	943.150	514.200	3028.5
351	986.750	514.200	3028.5
352	27.550	599.900	3028.5
353	71.150	599.900	3028.5
354	114.750	599.900	3028.5
355	158.350	599.900	3028.5
356	201.950	599.900	3028.5
357	245.550	599.900	3028.5
358	289.150	599.900	3028.5
359	332.750	599.900	3028.5
360	376.350	599.900	3028.5
361	419.950	599.900	3028.5
362	463.550	599.900	3028.5
363	507.150	599.900	3028.5
364	550.750	599.900	3028.5
365	594.350	599.900	3028.5
366	637.950	599.900	3028.5
367	681.550	599.900	3028.5
368	725.150	599.900	3028.5
369	768.750	599.900	3028.5
370	812.350	599.900	3028.5
371	855.950	599.900	3028.5
372	899.550	599.900	3028.5
373	943.150	599.900	3028.5
374	27.550	685.600	3028.5
375	71.150	685.600	3028.5
376	114.750	685.600	3028.5
377	158.350	685.600	3028.5
378	201.950	685.600	3028.5
379	245.550	685.600	3028.5
380	289.150	685.600	3028.5
381	332.750	685.600	3028.5
382	376.350	685.600	3028.5
383	419.950	685.600	3028.5
384	463.550	685.600	3028.5
385	507.150	685.600	3028.5
386	550.750	685.600	3028.5
387	594.350	685.600	3028.5
388	637.950	685.600	3028.5
389	681.550	685.600	3028.5
390	725.150	685.600	3028.5
391	768.750	685.600	3028.5
392	812.350	685.600	3028.5
393	855.950	685.600	3028.5
394	27.550	771.300	3028.5
395	71.150	771.300	3028.5
396	114.750	771.300	3028.5
397	158.350	771.300	3028.5
398	201.950	771.300	3028.5
399	245.550	771.300	3028.5
400	289.150	771.300	3028.5
401	332.750	771.300	3028.5
402	376.350	771.300	3028.5
403	419.950	771.300	3028.5
404	463.550	771.300	3028.5
405	507.150	771.300	3028.5
406	550.750	771.300	3028.5
407	594.350	771.300	3028.5
408	637.950	771.300	3028.5
409	681.550	771.300	3028.5
410	725.150	771.300	3028.5
411	768.750	771.300	3028.5
412	27.550	857.000	3028.5
413	71.150	857.000	3028.5
414	114.750	857.000	3028.5
415	158.350	857.000	3028.5
416	201.950	857.000	3028.5
417	245.550	857.000	3028.5
418	289.150	857.000	3028.5
419	332.750	857.000	3028.5
420	376.350	857.000	3028.5
421	419.950	857.000	3028.5
422	463.550	857.000	3028.5
423	507.150	857.000	3028.5
424	550.750	857.000	3028.5
425	594.350	857.000	3028.5
426	637.950	857.000	3028.5
427	681.550	857.000	3028.5
428	27.550	942.700	3028.5
429	71.150	942.700	3028.5
430	114.750	942.700	3028.5
431	158.350	942.700	3028.5
432	201.950	942.700	3028.5
433	245.550	942.700	3028.5
434	289.150	942.700	3028.5
435	332.750	942.700	3028.5
436	376.350	942.700	3028.5
437	419.950	942.700	3028.5
438	463.550	942.700	3028.5
439	507.150	942.700	3028.5
440	550.750	942.700	3028.5
441	114.750	1028.400	3028.5
442	158.350	1028.400	3028.5
443	201.950	1028.400	3028.5
444	245.550	1028.400	3028.5
445	289.150	1028.400	3028.5
446	332.750	1028.400	3028.5
447	376.350	1028.400	3028.5
448	-158.350	1114.100	3028.5
449	-201.950	1114.100	3028.5
450	-245.550	1114.100	3028.5
451	-114.750	1028.400	3028.5
452	-158.350	1028.400	3028.5
453	-201.950	1028.400	3028.5
454	-245.550	1028.400	3028.5
455	-289.150	1028.400	3028.5
456	-332.750	1028.400	3028.5
457	-376.350	1028.400	3028.5
458	-419.950	1028.400	3028.5
459	-463.550	1028.400	3028.5
460	-507.150	1028.400	3028.5
461	-27.550	942.700	3028.5
462	-71.150	942.700	3028.5
463	-114.750	942.700	3028.5
464	-158.350	942.700	3028.5
465	-201.950	942.700	3028.5
466	-245.550	942.700	3028.5
467	-289.150	942.700	3028.5
468	-332.750	942.700	3028.5
469	-376.350	942.700	3028.5
470	-419.950	942.700	3028.5
471	-463.550	942.700	3028.5
472	-507.150	942.700	3028.5
473	-550.750	942.700	3028.5
474	-594.350	942.700	3028.5
475	-637.950	942.700	3028.5
476	-27.550	857.000	3028.5
477	-71.150	857.000	3028.5
478	-114.750	857.000	3028.5
479	-158.350	857.000	3028.5
480	-201.950	857.000	3028.5
481	-245.550	857.000	3028.5
482	-289.150	857.000	3028.5
483	-332.750	857.000	3028.5
484	-376.350	857.000	3028.5
485	-419.950	857.000	3028.5
486	-463.550	857.000	3028.5
487	-507.150	857.000	3028.5
488	-550.750	857.000	3028.5
489	-594.350	857.000	3028.5
490	-637.950	857.000	3028.5
491	-681.550	857.000	3028.5
492	-725.150	857.000	3028.5
493	-27.550	771.300	3028.5
494	-71.150	771.300	3028.5
495	-114.750	771.300	3028.5
496	-158.350	771.300	3028.5
497	-201.950	771.300	3028.5
498	-245.550	771.300	3028.5
499	-289.150	771.300	3028.5
500	-332.750	771.300	3028.5
501	-376.350	771.300	3028.5
502	-419.950	771.300	3028.5
503	-463.550	771.300	3028.5
504	-507.150	771.300	3028.5
505	-550.750	771.300	3028.5
506	-594.350	771.300	3028.5
507	-637.950	771.300	3028.5
508	-681.550	771.300	3028.5
509	-725.150	771.300	3028.5
510	-768.750	771.300	3028.5
511	-812.350	771.300	3028.5
512	-27.550	685.600	3028.5
513	-71.150	685.600	3028.5
514	-114.750	685.600	3028.5
515	-158.350	685.600	3028.5
516	-201.950	685.600	3028.5
517	-245.550	685.600	3028.5
518	-289.150	685.600	3028.5
519	-332.750	685.600	3028.5
520	-376.350	685.600	3028.5
521	-419.950	685.600	3028.5
522	-463.550	685.600	3028.5
523	-507.150	685.600	3028.5
524	-550.750	685.600	3028.5
525	-594.350	685.600	3028.5
526	-637.950	685.600	3028.5
527	-681.550	685.600	3028.5
528	-725.150	685.600	3028.5
529	-768.750	685.600	3028.5
530	-812.350	685.600	3028.5
531	-855.950	685.600	3028.5
532	-899.550	685.600	3028.5
533	-27.550	599.900	3028.5
534	-71.150	599.900	3028.5
535	-114.750	599.900	3028.5
536	-158.350	599.900	3028.5
537	-201.950	599.900	3028.5
538	-245.550	599.900	3028.5
539	-289.150	599.900	3028.5
540	-332.750	599.900	3028.5
541	-376.350	599.900	3028.5
542	-419.950	599.900	3028.5
543	-463.550	599.900	3028.5
544	-507.150	599.900	3028.5
545	-550.750	599.900	3028.5
546	-594.350	599.900	3028.5
547	-637.950	599.900	3028.5
548	-681.550	599.900	3028.5
549	-725.150	599.900	3028.5
550	-768.750	599.900	3028.5
551	-812.350	599.900	3028.5
552	-855.950	599.900	3028.5
553	-899.550	599.900	3028.5
554	-943.150	599.900	3028.5
555	-27.550	514.200	3028.5
556	-71.150	514.200	3028.5
557	-114.750	514.200	3028.5
558	-158.350	514.200	3028.5
559	-201.950	514.200	3028.5
560	-245.550	514.200	3028.5
561	-289.150	514.200	3028.5
562	-332.750	514.200	3028.5
563	-376.350	514.200	3028.5
564	-419.950	514.200	3028.5
565	-463.550	514.200	3028.5
566	-507.150	514.200	3028.5
567	-550.750	514.200	3028.5
568	-594.350	514.200	3028.5
569	-637.950	514.200	3028.5
570	-681.550	514.200	3028.5
571	-725.150	514.200	3028.5
572	-768.750	514.200	3028.5
573	-812.350	514.200	3028.5
574	-855.950	514.200	3028.5
575	-899.550	514.200	3028.5
576	-943.150	514.200	3028.5
577	-986.750	514.200	3028.5
578	-27.550	428.500	3028.5
579	-71.150	428.500	3028.5
580	-114.750	428.500	3028.5
581	-245.550	428.500	3028.5
582	-289.150	428.500	3028.5
583	-332.750	428.500	3028.5
584	-376.350	428.500	3028.5
585	-419.950	428.500	3028.5
586	-463.550	428.500	3028.5
587	-507.150	428.500	3028.5
588	-550.750	428.500	3028.5
589	-594.350	428.500	3028.5
590	-637.950	428.500	3028.5
591	-681.550	428.500	3028.5
592	-725.150	428.500	3028.5
593	-768.750	428.500	3028.5
594	-812.350	428.500	3028.5
595	-855.950	428.500	3028.5
596	-899.550	428.500	3028.5
597	-943.150	428.500	3028.5
598	-289.150	342.800	3028.5
599	-332.750	342.800	3028.5
600	-376.350	342.800	3028.5
601	-419.950	342.800	3028.5
602	-463.550	342.800	3028.5
603	-507.150	342.800	3028.5
604	-550.750	342.800	3028.5
605	-594.350	342.800	3028.5
606	-637.950	342.800	3028.5
607	-681.550	342.800	3028.5
608	-725.150	342.800	3028.5
609	-768.750	342.800	3028.5
610	-812.350	342.800	3028.5
611	-855.950	342.800	3028.5
612	-899.550	342.800	3028.5
613	-943.150	342.800	3028.5
614	-986.750	342.800	3028.5
615	-1030.350	342.800	3028.5
616	-1073.950	342.800	3028.5
617	-289.150	257.100	3028.5
618	-332.750	257.100	3028.5
619	-376.350	257.100	3028.5
620	-419.950	257.100	3028.5
621	-463.550	257.100	3028.5
622	-507.150	257.100	3028.5
623	-550.750	257.100	3028.5
624	-594.350	257.100	3028.5
625	-637.950	257.100	3028.5
626	-681.550	257.100	3028.5
627	-725.150	257.100	3028.5
628	-768.750	257.100	3028.5
629	-812.350	257.100	3028.5
630	-855.950	257.100	3028.5
631	-899.550	257.100	3028.5
632	-943.150	257.100	3028.5
633	-986.750	257.100	3028.5
634	-1030.350	257.100	3028.5
635	-1073.950	257.100	3028.5
636	-332.750	171.400	3028.5
637	-376.350	171.400	3028.5
638	-419.950	171.400	3028.5
639	-463.550	171.400	3028.5
640	-507.150	171.400	3028.5
641	-550.750	171.400	3028.5
642	-594.350	171.400	3028.5
643	-637.950	171.400	3028.5
644	-681.550	171.400	3028.5
645	-725.150	171.400	3028.5
646	-768.750	171.400	3028.5
647	-812.350	171.400	3028.5
648	-855.950	171.400	3028.5
649	-899.550	171.400	3028.5
650	-943.150	171.400	3028.5
651	-986.750	171.400	3028.5
652	-1030.350	171.400	3028.5
653	-1073.950	171.400	3028.5
654	-463.550	85.700	3028.5
655	-507.150	85.700	3028.5
656	-550.750	85.700	3028.5
657	-594.350	85.700	3028.5
658	-637.950	85.700	3028.5
659	-681.550	85.700	3028.5
660	-725.150	85.700	3028.5
661	-768.750	85.700	3028.5
662	-812.350	85.700	3028.5
663	-855.950	85.700	3028.5
664	-899.550	85.700	3028.5
665	-943.150	85.700	3028.5
666	-986.750	85.700	3028.5
667	-1030.350	85.700	3028.5
668	-1073.950	85.700	3028.5
669	-463.550	0.000	3028.5
670	-507.150	0.000	3028.5
671	-550.750	0.000	3028.5
672	-594.350	0.000	3028.5
673	-637.950	0.000	3028.5
674	-681.550	0.000	3028.5
675	-725.150	0.000	3028.5
676	-768.750	0.000	3028.5
677	-812.350	0.000	3028.5
678	-855.950	0.000	3028.5
679	-899.550	0.000	3028.5
680	-943.150	0.000	3028.5
681	-986.750	0.000	3028.5
682	-1030.350	0.000	3028.5
683	-1073.950	0.000	3028.5
684	-376.350	-85.700	3028.5
685	-419.950	-85.700	3028.5
686	-463.550	-85.700	3028.5
687	-507.150	-85.700	3028.5
688	-550.750	-85.700	3028.5
689	-594.350	-85.700	3028.5
690	-637.950	-85.700	3028.5
691	-681.550	-85.700	3028.5
692	-725.150	-85.700	3028.5
693	-768.750	-85.700	3028.5
694	-812.350	-85.700	3028.5
695	-855.950	-85.700	3028.5
696	-899.550	-85.700	3028.5
697	-943.150	-85.700	3028.5
698	-986.750	-85.700	3028.5
699	-1030.350	-85.700	3028.5
700	-1073.950	-85.700	3028.5
701	-332.750	-171.400	3028.5
702	-376.350	-171.400	3028.5
703	-419.950	-171.400	3028.5
704	-463.550	-171.400	3028.5
705	-507.150	-171.400	3028.5
706	-550.750	-171.400	3028.5
707	-594.350	-171.400	3028.5
708	-637.950	-171.400	3028.5
709	-681.550	-171.400	3028.5
710	-725.150	-171.400	3028.5
711	-768.750	-171.400	3028.5
712	-812.350	-171.400	3028.5
713	-855.950	-171.400	3028.5
714	-899.550	-171.400	3028.5
715	-943.150	-171.400	3028.5
716	-986.750	-171.400	3028.5
717	-1030.350	-171.400	3028.5
718	-1073.950	-171.400	3028.5
719	-289.150	-257.100	3028.5
720	-332.750	-257.100	3028.5
721	-376.350	-257.100	3028.5
722	-419.950	-257.100	3028.5
723	-463.550	-257.100	3028.5
724	-507.150	-257.100	3028.5
725	-550.750	-257.100	3028.5
726	-594.350	-257.100	3028.5
727	-637.950	-257.100	3028.5
728	-681.550	-257.100	3028.5
729	-725.150	-257.100	3028.5
730	-768.750	-257.100	3028.5
731	-812.350	-257.100	3028.5
732	-855.950	-257.100	3028.5
733	-899.550	-257.100	3028.5
734	-943.150	-257.100	3028.5
735	-986.750	-257.100	3028.5
736	-1030.350	-257.100	3028.5
737	-1073.950	-257.100	3028.5
738	-289.150	-342.800	3028.5
739	-332.750	-342.800	3028.5
740	-376.350	-342.800	3028.5
741	-419.950	-342.800	3028.5
742	-463.550	-342.800	3028.5
743	-507.150	-342.800	3028.5
744	-550.750	-342.800	3028.5
745	-594.350	-342.800	3028.5
746	-637.950	-342.800	3028.5
747	-681.550	-342.800	3028.5
748	-725.150	-342.800	3028.5
749	-768.750	-342.800	3028.5
750	-812.350	-342.800	3028.5
751	-855.950	-342.800	3028.5
752	-899.550	-342.800	3028.5
753	-943.150	-342.800	3028.5
754	#REF!	#REF!	3028.5
755	-27.550	-428.500	3028.5
756	-71.150	-428.500	3028.5
757	-114.750	-428.500	3028.5
758	-158.350	-428.500	3028.5
759	-201.950	-428.500	3028.5
760	-245.550	-428.500	3028.5
761	-289.150	-428.500	3028.5
762	-332.750	-428.500	3028.5
763	-376.350	-428.500	3028.5
764	-419.950	-428.500	3028.5
765	-463.550	-428.500	3028.5
766	-507.150	-428.500	3028.5
767	-550.750	-428.500	3028.5
768	-594.350	-428.500	3028.5
769	-637.950	-428.500	3028.5
770	-681.550	-428.500	3028.5
771	-725.150	-428.500	3028.5
772	-768.750	-428.500	3028.5
773	-812.350	-428.500	3028.5
774	-855.950	-428.500	3028.5
775	-899.550	-428.500	3028.5
776	-943.150	-428.500	3028.5
777	-27.550	-514.200	3028.5
778	-71.150	-514.200	3028.5
779	-114.750	-514.200	3028.5
780	-158.350	-514.200	3028.5
781	-201.950	-514.200	3028.5
782	-245.550	-514.200	3028.5
783	-289.150	-514.200	3028.5
784	-332.750	-514.200	3028.5
785	-376.350	-514.200	3028.5
786	-419.950	-514.200	3028.5
787	-463.550	-514.200	3028.5
788	-507.150	-514.200	3028.5
789	-550.750	-514.200	3028.5
790	-594.350	-514.200	3028.5
791	-637.950	-514.200	3028.5
792	-681.550	-514.200	3028.5
793	-725.150	-514.200	3028.5
794	-768.750	-514.200	3028.5
795	-812.350	-514.200	3028.5
796	-855.950	-514.200	3028.5
797	-899.550	-514.200	3028.5
798	-943.150	-514.200	3028.5
799	-986.750	-514.200	3028.5
800	-27.550	-599.900	3028.5
801	-71.150	-599.900	3028.5
802	-114.750	-599.900	3028.5
803	-158.350	-599.900	3028.5
804	-201.950	-599.900	3028.5
805	-245.550	-599.900	3028.5
806	-289.150	-599.900	3028.5
807	-332.750	-599.900	3028.5
808	-376.350	-599.900	3028.5
809	-419.950	-599.900	3028.5
810	-463.550	-599.900	3028.5
811	-507.150	-599.900	3028.5
812	-550.750	-599.900	3028.5
813	-594.350	-599.900	3028.5
814	-637.950	-599.900	3028.5
815	-681.550	-599.900	3028.5
816	-725.150	-599.900	3028.5
817	-768.750	-599.900	3028.5
818	-812.350	-599.900	3028.5
819	-855.950	-599.900	3028.5
820	-899.550	-599.900	3028.5
821	-943.150	-599.900	3028.5
822	-27.550	-685.600	3028.5
823	-71.150	-685.600	3028.5
824	-114.750	-685.600	3028.5
825	-158.350	-685.600	3028.5
826	-201.950	-685.600	3028.5
827	-245.550	-685.600	3028.5
828	-289.150	-685.600	3028.5
829	-332.750	-685.600	3028.5
830	-376.350	-685.600	3028.5
831	-419.950	-685.600	3028.5
832	-463.550	-685.600	3028.5
833	-507.150	-685.600	3028.5
834	-550.750	-685.600	3028.5
835	-594.350	-685.600	3028.5
836	-637.950	-685.600	3028.5
837	-681.550	-685.600	3028.5
838	-725.150	-685.600	3028.5
839	-768.750	-685.600	3028.5
840	-812.350	-685.600	3028.5
841	-855.950	-685.600	3028.5
842	-27.550	-771.300	3028.5
843	-71.150	-771.300	3028.5
844	-114.750	-771.300	3028.5
845	-158.350	-771.300	3028.5
846	-201.950	-771.300	3028.5
847	-245.550	-771.300	3028.5
848	-289.150	-771.300	3028.5
849	-332.750	-771.300	3028.5
850	-376.350	-771.300	3028.5
851	-419.950	-771.300	3028.5
852	-463.550	-771.300	3028.5
853	-507.150	-771.300	3028.5
854	-550.750	-771.300	3028.5
855	-594.350	-771.300	3028.5
856	-637.950	-771.300	3028.5
857	-681.550	-771.300	3028.5
858	-725.150	-771.300	3028.5
859	-768.750	-771.300	3028.5
860	-27.550	-857.000	3028.5
861	-71.150	-857.000	3028.5
862	-114.750	-857.000	3028.5
863	-158.350	-857.000	3028.5
864	-201.950	-857.000	3028.5
865	-245.550	-857.000	3028.5
866	-289.150	-857.000	3028.5
867	-332.750	-857.000	3028.5
868	-376.350	-857.000	3028.5
869	-419.950	-857.000	3028.5
870	-463.550	-857.000	3028.5
871	-507.150	-857.000	3028.5
872	-550.750	-857.000	3028.5
873	-594.350	-857.000	3028.5
874	-637.950	-857.000	3028.5
875	-681.550	-857.000	3028.5
876	-27.550	-942.700	3028.5
877	-71.150	-942.700	3028.5
878	-114.750	-942.700	3028.5
879	-158.350	-942.700	3028.5
880	-201.950	-942.700	3028.5
881	-245.550	-942.700	3028.5
882	-289.150	-942.700	3028.5
883	-332.750	-942.700	3028.5
884	-376.350	-942.700	3028.5
885	-419.950	-942.700	3028.5
886	-463.550	-942.700	3028.5
887	-507.150	-942.700	3028.5
888	-550.750	-942.700	3028.5
889	-114.750	-1028.400	3028.5
890	-158.350	-1028.400	3028.5
891	-201.950	-1028.400	3028.5
892	-245.550	-1028.400	3028.5
893	-289.150	-1028.400	3028.5
894	-332.750	-1028.400	3028.5
895	-201.95000000000002	428.5	3028.5
896	-158.35000000000002	428.5	3028.5
897	201.95000000000002	-428.5	3028.5
898	158.35000000000002	-428.5	3028.5
